Gene	L12023_WT_d0_1_R1.fastq.trimmed.segemehl..bam.rnacounter_Count	L12087_miR-124KO_d0_2_R1.fastq.trimmed.segemehl..bam.rnacounter_Count	L12024_WT_d0_2_R1.fastq.trimmed.segemehl..bam.rnacounter_Count	L12088_miR-124KO_d0_3_R1.fastq.trimmed.segemehl..bam.rnacounter_Count	L12025_WT_d0_3_R1.fastq.trimmed.segemehl..bam.rnacounter_Count	L12089_miR-124KO_d0_4_R1.fastq.trimmed.segemehl..bam.rnacounter_Count	L12026_WT_d0_4_R1.fastq.trimmed.segemehl..bam.rnacounter_Count	L12091_miR-124KO_d0_6_R1.fastq.trimmed.segemehl..bam.rnacounter_Count	L12027_WT_d0_6_R1.fastq.trimmed.segemehl..bam.rnacounter_Count	L12092_miR-124KO_d0_7_R1.fastq.trimmed.segemehl..bam.rnacounter_Count	L12028_WT_d0_7_R1.fastq.trimmed.segemehl..bam.rnacounter_Count	L12093_miR-124KO_d0_8_R1.fastq.trimmed.segemehl..bam.rnacounter_Count	L12029_WT_d0_8_R1.fastq.trimmed.segemehl..bam.rnacounter_Count	L12094_miR-124KO_d1_2_R1.fastq.trimmed.segemehl..bam.rnacounter_Count	L12030_WT_d1_1_R1.fastq.trimmed.segemehl..bam.rnacounter_Count	L12095_miR-124KO_d1_3_R1.fastq.trimmed.segemehl..bam.rnacounter_Count	L12031_WT_d1_2_R1.fastq.trimmed.segemehl..bam.rnacounter_Count	L12096_miR-124KO_d1_4_R1.fastq.trimmed.segemehl..bam.rnacounter_Count	L12032_WT_d1_3_R1.fastq.trimmed.segemehl..bam.rnacounter_Count	L12097_miR-124KO_d1_5_R1.fastq.trimmed.segemehl..bam.rnacounter_Count	L12033_WT_d1_5_R1.fastq.trimmed.segemehl..bam.rnacounter_Count	L12098_miR-124KO_d1_6_R1.fastq.trimmed.segemehl..bam.rnacounter_Count	L12034_WT_d1_6_R1.fastq.trimmed.segemehl..bam.rnacounter_Count	L12099_miR-124KO_d1_7_R1.fastq.trimmed.segemehl..bam.rnacounter_Count	L12035_WT_d1_7_R1.fastq.trimmed.segemehl..bam.rnacounter_Count	L12100_miR-124KO_d1_8_R1.fastq.trimmed.segemehl..bam.rnacounter_Count	L12036_WT_d1_8_R1.fastq.trimmed.segemehl..bam.rnacounter_Count	L12101_miR-124KO_d2_2_R1.fastq.trimmed.segemehl..bam.rnacounter_Count	L12037_WT_d2_1_R1.fastq.trimmed.segemehl..bam.rnacounter_Count	L12102_miR-124KO_d2_3_R1.fastq.trimmed.segemehl..bam.rnacounter_Count	L12038_WT_d2_2_R1.fastq.trimmed.segemehl..bam.rnacounter_Count	L12103_miR-124KO_d2_4_R1.fastq.trimmed.segemehl..bam.rnacounter_Count	L12039_WT_d2_3_R1.fastq.trimmed.segemehl..bam.rnacounter_Count	L12104_miR-124KO_d2_5_R1.fastq.trimmed.segemehl..bam.rnacounter_Count	L12040_WT_d2_5_R1.fastq.trimmed.segemehl..bam.rnacounter_Count	L12105_miR-124KO_d2_6_R1.fastq.trimmed.segemehl..bam.rnacounter_Count	L12041_WT_d2_6_R1.fastq.trimmed.segemehl..bam.rnacounter_Count	L12106_miR-124KO_d2_7_R1.fastq.trimmed.segemehl..bam.rnacounter_Count	L12042_WT_d2_7_R1.fastq.trimmed.segemehl..bam.rnacounter_Count	L12107_miR-124KO_d2_8_R1.fastq.trimmed.segemehl..bam.rnacounter_Count	L12043_WT_d2_8_R1.fastq.trimmed.segemehl..bam.rnacounter_Count	L12108_miR-124KO_d3_1_R1.fastq.trimmed.segemehl..bam.rnacounter_Count	L12044_WT_d3_1_R1.fastq.trimmed.segemehl..bam.rnacounter_Count	L12109_miR-124KO_d3_2_R1.fastq.trimmed.segemehl..bam.rnacounter_Count	L12045_WT_d3_2_R1.fastq.trimmed.segemehl..bam.rnacounter_Count	L12110_miR-124KO_d3_4_R1.fastq.trimmed.segemehl..bam.rnacounter_Count	L12046_WT_d3_4_R1.fastq.trimmed.segemehl..bam.rnacounter_Count	L12111_miR-124KO_d3_5_R1.fastq.trimmed.segemehl..bam.rnacounter_Count	L12047_WT_d3_5_R1.fastq.trimmed.segemehl..bam.rnacounter_Count	L12112_miR-124KO_d3_6_R1.fastq.trimmed.segemehl..bam.rnacounter_Count	L12048_WT_d3_6_R1.fastq.trimmed.segemehl..bam.rnacounter_Count	L12113_miR-124KO_d3_7_R1.fastq.trimmed.segemehl..bam.rnacounter_Count	L12049_WT_d3_7_R1.fastq.trimmed.segemehl..bam.rnacounter_Count	L12114_miR-124KO_d3_8_R1.fastq.trimmed.segemehl..bam.rnacounter_Count	L12050_WT_d3_8_R1.fastq.trimmed.segemehl..bam.rnacounter_Count	L12115_miR-124KO_d4_1_R1.fastq.trimmed.segemehl..bam.rnacounter_Count	L12051_WT_d4_1_R1.fastq.trimmed.segemehl..bam.rnacounter_Count	L12116_miR-124KO_d4_2_R1.fastq.trimmed.segemehl..bam.rnacounter_Count	L12052_WT_d4_2_R1.fastq.trimmed.segemehl..bam.rnacounter_Count	L12117_miR-124KO_d4_3_R1.fastq.trimmed.segemehl..bam.rnacounter_Count	L12053_WT_d4_3_R1.fastq.trimmed.segemehl..bam.rnacounter_Count	L12118_miR-124KO_d4_4_R1.fastq.trimmed.segemehl..bam.rnacounter_Count	L12054_WT_d4_4_R1.fastq.trimmed.segemehl..bam.rnacounter_Count	L12119_miR-124KO_d4_5_R1.fastq.trimmed.segemehl..bam.rnacounter_Count	L12084_WT_d4_6_R1.fastq.trimmed.segemehl..bam.rnacounter_Count	L12120_miR-124KO_d4_6_R1.fastq.trimmed.segemehl..bam.rnacounter_Count	L12085_WT_d4_7_R1.fastq.trimmed.segemehl..bam.rnacounter_Count	L12121_miR-124KO_d4_7_R1.fastq.trimmed.segemehl..bam.rnacounter_Count	L12086_WT_d4_8_R1.fastq.trimmed.segemehl..bam.rnacounter_Count
ZEB2	28	14	10	4	17	15	13	10	12	12	5	6	16	863	1658	862	1874	1051	1832	954	1962	805	1597	816	1886	1086	1930	4014	4820	3515	4663	4011	4867	4143	4684	3933	4264	4037	4120	4416	4859	5068	7724	5562	8486	5747	5942	7230	5571	6322	5794	5571	6604	4901	6211	5689	4117	7354	4111	8001	4553	8736	3868	7619	4012	7624	5362	8151	4434
CCND2	6739	7433	6968	7124	5897	7419	6096	6977	6073	7465	6246	7452	5822	5805	7824	6381	6739	6628	6713	7563	6880	5954	6314	6265	6847	7478	6577	6461	5996	6142	5730	6798	6360	7162	6101	6343	5535	6020	4960	7706	5989	5576	4559	5590	5343	6461	3726	6936	3411	6409	3594	5208	4188	5236	3613	8181	3001	10695	3136	12928	3312	12448	3016	11275	3362	12812	3911	14139	3286
RIC1	1639	1464	1797	1380	1465	1523	1562	1295	1586	1432	1604	1494	1619	1407	1809	1620	1663	1515	1510	1868	1657	1595	1465	1705	1894	1794	1656	1485	1364	1431	1387	1412	1535	1807	1231	1488	1185	1550	1223	1825	1557	1151	789	1163	827	1154	795	1483	692	1465	802	1339	1109	1011	812	523	517	677	558	748	561	856	545	720	495	729	756	862	555
RPL35	6943	6462	6828	6123	6243	6153	6666	5344	6834	5820	6237	6226	6053	5425	5030	5390	6162	5444	6208	6677	6234	5780	5199	5166	5722	5932	4960	5224	3388	3706	3470	3930	4019	4426	3880	3917	3459	3890	3508	4664	3664	2621	1955	3280	2226	3114	1849	4225	1972	4090	2093	3127	2651	3822	2103	1934	1516	2474	1545	2901	1731	2881	1652	2427	1961	3234	1829	3042	1620
LEPR	436	282	281	235	294	284	355	368	322	329	313	354	286	418	512	349	607	334	535	447	604	504	615	421	646	457	624	469	439	576	391	524	508	624	384	615	422	588	420	668	447	350	211	346	197	332	192	391	159	348	170	351	231	310	205	320	309	486	272	456	301	516	285	459	244	505	374	446	355
ADAM22	1032	998	1078	1004	882	1104	939	948	922	1068	926	1007	1056	1472	1608	1408	1783	1545	1484	1719	1916	1612	1632	1617	2006	1939	1575	3659	5100	3557	4684	3702	4947	4187	4549	3545	4234	3794	3990	4208	4656	5126	6843	5494	6529	5322	5636	6696	5170	5594	5591	5092	6000	4033	5978	6620	6024	8174	5667	8629	5917	9331	5334	9052	5107	8404	7348	9995	6404
PHGDH	24215	31152	27582	29286	25943	26948	25518	25403	26109	27604	24136	28195	24080	23068	19123	22867	21436	20533	22417	29020	22088	25028	19364	22656	20912	26644	18351	11480	6661	10795	6423	10278	7600	11850	7588	10099	6389	10242	5909	12962	6848	4900	3615	4229	4087	7069	3341	6772	3632	5363	3464	5259	4040	4515	3322	12587	6959	18548	6985	22073	6854	23128	7084	17351	6659	20187	7001	29039	7924
RAB3GAP1	2881	2177	2762	2142	2507	2237	2326	2183	2425	2382	2584	2313	2497	2109	2202	2145	2139	2245	1864	2646	2243	2239	1933	2340	2119	2652	2066	1784	1758	1773	1669	1820	1856	1875	1675	1996	1500	1842	1586	2089	1697	2014	1878	1991	1850	2075	1560	2422	1410	2408	1673	2045	1874	1785	1809	2276	1677	2736	1873	2931	1857	3226	1763	2660	1650	2767	2064	3055	1811
CC2D1A	1218	1543	1767	1499	1587	1367	1506	1213	1572	1198	1537	1309	1570	1472	1386	1356	1602	1357	1772	1924	1611	1682	1467	1395	1716	1744	1474	1849	1528	1594	1465	1548	1475	1699	1612	1495	1366	1637	1246	1778	1507	1304	1168	1466	1330	1721	1233	1957	1331	1845	1149	1624	1325	1345	1149	1347	1287	1544	1480	2098	1484	2189	1272	1772	1345	2096	1438	2380	1342
MVK	606	704	779	468	622	572	647	453	634	447	622	497	606	831	1005	781	1201	854	1203	1045	1188	834	1019	765	1217	960	988	1833	1736	1623	1495	1737	1787	1947	1677	1474	1510	1632	1529	1796	1506	1932	1910	2386	2133	2277	1931	3059	2087	2741	1724	2332	2281	2278	1698	1521	1870	1799	1791	2119	1834	2185	1766	1673	1643	2104	1535	2061	1894
SLC3A1	9	15	8	9	8	4	9	11	11	7	5	7	12	6	5	13	3	12	3	16	8	6	11	6	13	4	2	5	3	6	12	2	6	8	6	7	7	3	12	13	9	10	8	12	5	7	9	20	14	4	2	14	2	6	10	7	17	15	15	15	9	23	8	13	11	19	9	14	11
YIF1B	1663	1953	1906	1715	1755	1774	1841	1581	1970	1504	1846	1789	1643	1710	1990	1761	2318	1646	2468	2205	2477	1988	2074	1643	2325	2058	1921	2313	1864	1837	1770	1907	2140	2326	2205	1920	1869	1870	1741	2218	2093	1409	1061	1742	1485	1944	1281	2395	1412	2404	1536	1696	1655	2049	1411	1966	1437	2372	1489	2897	1759	2996	1401	2624	1542	3219	1486	2968	1513
TMEM240	63	65	87	91	56	106	58	35	97	70	86	74	99	61	58	39	63	67	70	91	69	36	64	46	83	84	54	80	88	71	80	93	80	94	94	95	80	73	74	91	85	71	115	123	180	128	120	144	148	169	148	161	180	111	141	177	220	206	212	282	189	355	211	247	197	314	153	278	216
MANF	1778	1810	1987	1837	1658	1745	1668	1446	1635	1635	1544	1779	1724	2308	2948	2672	3369	2873	3374	3190	3597	2413	2880	2605	3252	3137	3079	3077	2212	2535	2109	2677	2482	3122	2403	2678	2029	2665	2054	3369	2089	1434	1176	1787	1349	1635	1104	2054	1154	2025	1227	1778	1319	2256	997	903	994	1067	968	1262	993	1236	1064	1064	1238	1180	1145	1319	1040
CLCN2	548	641	660	467	513	448	519	422	619	466	566	487	597	372	329	394	305	299	431	484	364	384	372	443	335	448	372	283	257	240	245	296	267	240	260	275	186	249	251	324	206	227	321	161	480	243	192	293	173	304	193	211	200	222	226	313	319	319	350	401	288	480	281	370	300	392	308	452	291
AGL	714	472	615	521	554	523	566	471	607	515	551	640	675	539	415	448	518	639	407	776	544	652	503	631	514	720	514	576	425	602	445	524	542	657	476	678	477	478	435	634	484	681	778	791	786	758	619	786	590	838	614	710	438	792	568	512	441	865	387	970	391	1125	425	727	445	797	504	750	495
RPL8	38126	43697	42207	41489	39695	38545	39856	34400	40598	37459	37700	39619	37163	35779	33351	35636	40196	32413	42872	45229	40872	39263	33766	34666	35882	41153	31842	31144	21997	24036	20573	25321	24931	29255	24782	24334	21579	25000	20130	29707	23081	16048	12289	20179	15501	21147	12430	28098	12665	27154	15287	21976	14887	23223	13323	16096	9344	19531	9727	24086	10967	24083	9386	21290	10942	26605	11020	24891	10310
GRM1	37	24	30	25	42	32	21	17	34	32	26	36	32	21	14	6	16	24	8	22	24	24	19	21	20	27	7	16	14	10	9	21	11	23	27	12	9	13	9	21	19	13	8	15	16	11	6	22	18	20	9	17	5	10	17	3	25	12	19	15	13	23	11	9	13	8	28	3	17
SRCAP	145	255	303	276	297	194	242	174	220	181	263	199	262	282	302	274	318	251	354	325	378	241	286	249	400	376	328	226	345	299	404	285	359	295	344	242	296	291	286	316	363	251	393	311	613	312	307	442	391	407	363	326	431	154	387	267	306	350	333	373	374	342	291	317	188	333	364	320	394
GRID2	2428	2279	2236	2070	2063	2241	2086	2099	2045	2078	2173	2196	1942	1627	1110	1673	952	1580	920	2147	1101	1737	971	1751	974	1821	932	446	327	487	299	478	354	499	362	464	368	459	252	623	364	159	180	153	142	128	115	175	134	117	146	164	181	116	124	84	98	112	102	91	115	97	119	95	88	68	98	72	76
CRLS1	1501	1185	1406	1192	1365	1437	1458	1130	1377	1235	1312	1334	1526	1177	921	1204	1039	1309	1053	1434	1242	1318	1123	1247	1138	1376	1141	1162	807	913	702	899	944	1026	888	1102	823	1033	777	1188	856	815	555	885	579	796	578	1091	546	1036	641	826	825	1071	640	602	459	802	542	879	586	856	523	895	722	938	628	851	651
TKT	39255	49823	44743	44481	43968	43009	42805	38529	44850	40907	42204	41441	38974	28710	24513	29232	26398	26398	28570	37329	28600	31766	24743	28185	26120	34291	23881	20594	14988	17527	14271	18728	16437	20810	16583	18437	14840	18089	14195	21886	15422	12544	8877	14374	10772	15018	8195	19985	8538	19328	8930	16204	10079	14920	8446	10742	6886	12708	7130	16533	7680	16250	6870	14371	6795	18442	7483	16590	7407
ARNT2	864	1053	1227	1095	962	971	898	897	1002	1006	983	863	938	1031	844	1088	1061	1122	1156	1389	1106	1090	930	1019	1075	1263	877	1571	1975	1521	1959	1721	1972	1807	1977	1616	1822	1612	1721	1856	1998	2212	2433	2667	2738	2407	2561	3340	2828	2940	2660	2519	3238	1853	2703	2456	2914	3060	3065	3572	3284	3399	2958	2877	2732	3406	3342	3730	3344
TPR	10864	8919	10614	8861	8731	8228	8516	7540	8704	8878	9852	8658	9458	9323	11204	9787	10219	10177	9508	11518	10420	9244	9545	11295	11522	13164	10867	9657	11434	10285	10356	9784	10511	11032	9985	9715	8676	10471	9270	11785	10037	10491	9756	10991	8604	10421	8163	12791	6794	11508	7817	9747	11082	7585	9148	7093	7739	9586	7238	9922	7695	10297	7362	9303	6621	9320	9141	10334	7921
NSUN3	269	214	245	196	205	244	202	164	223	241	222	215	239	327	353	329	353	322	275	339	386	316	355	331	425	418	364	420	459	417	466	396	471	462	464	393	452	368	453	502	455	452	408	495	351	526	400	582	381	541	481	451	535	421	495	388	351	505	410	584	376	673	345	559	441	490	457	517	454
DNAJC6	375	350	274	240	267	207	285	229	265	240	268	180	213	1179	1105	1193	1348	1127	1202	1444	1343	1417	1308	1204	1448	1481	1217	2124	1997	2166	2010	2192	2120	2367	1910	2282	1848	2153	1607	2560	1981	2346	2540	2583	2617	2375	2199	3120	1897	2632	2203	2340	2259	2092	2319	2187	3104	2536	2799	3016	2756	2890	2865	2791	2348	2957	3294	3011	3370
FANCA	1636	1886	2073	1699	1696	1643	1935	1548	1970	1702	2075	1537	1818	1663	1524	1947	1713	1756	1756	2334	1731	1989	1720	1841	1909	2271	1910	2959	2270	2694	1997	2603	2348	2722	2224	2696	1921	2875	2066	3346	2013	1841	732	2002	764	1982	718	2259	622	2422	746	2024	1034	1461	781	649	615	912	586	1065	603	1039	590	838	507	924	632	990	600
TMCO1	1591	1210	1635	1287	1431	1398	1328	999	1428	1268	1274	1459	1330	1482	1688	1617	1873	1791	1684	1973	2031	1572	1591	1622	1837	1903	1819	2264	2157	1957	2070	2119	2438	2358	2003	2352	1956	2106	1983	2457	1946	1833	1736	2174	1683	2245	1744	2547	1381	2600	1929	2012	2252	2583	1947	2097	1705	2592	1638	3038	1811	2937	1662	2848	2032	2782	1866	3035	1946
NDUFA8	1638	1153	1539	1206	1450	1203	1459	1001	1382	1062	1315	1236	1417	1239	1399	1276	1740	1400	1716	1664	1762	1397	1527	1313	1705	1655	1567	1827	1484	1531	1421	1625	1656	1631	1563	1526	1420	1582	1348	1964	1438	1153	721	1406	781	1316	767	1738	926	1749	951	1329	1122	1748	949	903	758	1010	760	1217	681	1302	737	1108	793	1375	825	1239	816
CLCN3	2831	2029	2406	1998	2206	2072	2216	1737	2327	1956	2426	2175	2308	2298	3138	2563	3067	2635	2642	2984	3427	2628	2901	2656	3359	3096	2923	2762	3349	2843	3178	2914	3533	3068	3019	2870	2987	2778	2778	3373	3134	3244	3432	3399	3341	3492	3145	3941	2952	3754	3234	2998	3291	2632	3259	3537	3601	4814	3482	5292	3305	5515	3444	4500	3278	4770	3963	5115	3898
APP	41592	39996	39155	37473	39201	38285	38603	35193	38727	37072	38576	36836	35934	33315	37850	34360	35076	34226	36420	41750	37760	35865	32454	33712	36254	41070	33055	27474	28096	25454	27780	26429	30030	29458	28432	27360	25761	25846	24092	31489	27962	21241	28334	24474	30313	23936	25694	31057	23586	28634	24098	22872	26875	22763	24880	29004	31829	35288	31033	40649	32423	41816	32466	36921	29023	39308	33479	40433	33660
SYNGAP1	1224	1806	1817	1695	1478	1628	1387	1242	1548	1546	1675	1396	1653	988	1016	1105	1122	1127	1204	1384	1027	1148	1039	1135	1356	1378	1165	1121	1696	1035	1419	1159	1543	1171	1337	1060	1216	1230	1277	1159	1284	1302	2143	1362	2504	1401	1575	2041	1745	1621	1403	1441	1717	995	1492	1315	1276	1692	1228	2024	1279	2022	1155	1710	905	2002	1382	2117	1269
ANKRD17	6956	6780	8438	6842	7062	6525	6076	5224	6976	6423	7399	6010	7294	5745	7191	5878	7043	6043	6276	7151	7287	5575	6084	6239	7322	7348	6652	5295	6848	5108	6494	5464	6622	6227	5967	5426	5686	5732	5685	6277	6504	6079	6686	6323	7430	5804	5870	7532	5368	6930	5823	6008	6998	4168	6178	5843	6518	7208	6309	7529	6560	7693	6001	7193	4862	7144	7650	7693	6755
NOTCH3	6687	11188	10940	11283	11197	9620	8698	7455	10075	8555	10023	8609	10035	5010	2429	5536	2755	5602	3308	7016	3089	5030	2458	5178	2843	7071	2635	2338	1588	2596	1504	2704	1680	2869	1672	2536	1484	2423	1514	2873	1687	1067	663	1172	808	1341	523	1592	582	1768	533	1184	804	1002	654	414	363	387	386	568	392	699	353	465	369	446	457	503	297
VPS4A	1455	1593	1750	1463	1678	1471	1669	1224	1511	1333	1515	1315	1477	1400	1412	1418	1650	1351	1554	1715	1594	1495	1315	1390	1547	1786	1346	1961	1864	1596	1791	1721	1995	1867	1951	1795	1663	1632	1589	1873	1723	1767	1708	2209	1879	2130	1614	2777	1658	2504	1623	2062	1907	1902	1577	1827	1748	2294	1762	2722	1909	2745	1784	2310	1788	2754	1942	2615	1838
PAK1	12189	9818	10569	8351	10193	9433	10594	8311	10437	8446	10964	8827	9203	5908	5667	6143	6229	6363	5613	7526	6482	6347	5444	6497	5973	7444	5657	5586	5784	5131	5681	5230	5881	5839	5603	5593	5600	5112	4749	6106	5654	4263	4608	4877	4352	4766	4422	5713	4161	5470	4726	4484	4790	4522	4578	5358	4667	6675	4623	7688	4769	7703	4421	6652	4815	7512	5480	7384	5023
CPT2	738	582	693	530	677	538	666	495	672	528	669	554	628	507	539	541	584	460	586	638	510	528	528	517	550	670	499	536	655	456	575	553	622	490	633	504	571	560	551	564	543	509	246	602	243	622	336	807	351	705	420	524	509	576	456	537	443	673	438	834	489	853	388	718	494	832	536	916	457
GATM	704	475	422	434	474	450	540	487	494	514	516	454	507	4736	7697	4111	8674	4008	7241	5381	8766	5483	8525	4664	9238	5274	7718	12826	9683	11582	9716	11985	10393	13037	10121	11854	9635	12057	8556	13988	9554	7185	2447	8892	2607	7602	2591	9494	2557	9862	2882	8250	3632	8626	3277	2559	1410	3656	1444	4070	1528	4102	1290	3845	1846	4234	1859	4526	1479
ZSWIM7	818	727	779	612	629	687	742	600	663	673	740	674	682	658	728	797	761	776	757	966	782	733	612	742	812	855	781	765	716	771	668	737	788	758	674	855	580	693	520	867	692	746	431	784	428	745	464	855	506	922	530	693	579	725	546	567	580	708	547	702	502	829	510	735	651	855	588	857	562
KCNJ10	86	102	77	76	84	91	63	78	110	76	98	85	96	148	134	165	179	140	156	180	153	167	161	148	140	172	138	85	46	77	28	75	39	63	45	72	47	69	43	104	46	18	7	22	15	24	9	17	16	24	12	23	6	29	12	3	5	9	8	4	15	3	8	6	4	9	6	17	3
KCNC3	132	174	177	153	137	181	140	173	176	124	149	134	194	105	84	116	125	130	106	156	85	130	88	150	148	189	82	188	244	159	225	172	238	174	180	165	173	164	195	170	221	208	330	247	348	227	246	335	279	272	300	228	363	197	324	220	327	245	285	339	357	330	280	283	288	277	351	311	335
RGR	3	0	0	0	1	0	2	2	0	1	1	0	0	0	1	0	2	4	4	0	2	1	2	0	5	2	0	10	1	6	0	1	9	7	4	9	2	2	0	3	0	8	1	5	0	2	0	1	0	10	2	3	0	6	0	2	2	19	1	18	0	6	0	13	2	9	0	11	0
HPD	9	7	8	0	6	10	9	13	3	7	17	11	7	7	8	14	13	11	13	5	8	6	20	19	21	3	11	9	7	10	1	7	13	6	5	10	9	8	3	7	5	2	0	6	0	13	0	4	0	6	1	1	0	8	0	2	4	4	2	5	3	3	5	0	6	0	3	0	1
ARHGAP31	300	455	408	394	372	331	340	356	381	364	355	374	376	383	490	418	442	369	396	553	357	399	411	370	397	582	378	168	216	101	219	157	187	184	232	135	185	144	140	196	224	42	40	67	40	76	43	80	39	47	50	58	105	41	75	33	56	20	54	63	26	59	31	21	59	46	41	31	34
DEAF1	1501	1732	1527	1479	1575	1353	1492	1361	1575	1278	1628	1319	1299	1098	995	1077	1189	1046	1298	1412	1318	1206	1058	1063	1217	1305	1102	1431	1248	1160	1202	1338	1371	1359	1208	1170	1295	1120	1124	1486	1272	936	1113	1266	1516	1239	1063	1630	1298	1510	1134	1268	1348	1274	1028	1047	954	1238	1071	1442	1048	1367	1016	1274	982	1666	1129	1615	1132
HERC1	3358	3396	3959	3250	3282	2907	3103	2492	3211	2956	3680	2882	3409	3698	4958	3572	4813	3678	4139	4310	4530	3573	3896	4011	4943	4751	4446	4716	7389	4664	6819	5194	6936	5418	6405	5000	6029	5275	5804	5591	7467	6980	11089	7356	11064	7170	8771	8398	8850	7954	8510	6919	9802	4329	9465	10029	12143	11903	11013	12810	10922	13406	10701	11260	7017	11690	12647	12569	11769
COLGALT1	2940	3026	3095	2552	3086	2818	3100	2413	3165	2493	3268	2603	2783	2505	3645	2531	3451	2384	3617	3217	3513	2677	3181	2427	3755	2925	3119	3525	2681	3207	2500	3413	3026	3938	2933	3300	2709	3373	2331	3761	2699	2320	1853	2830	2209	2896	1992	3897	2076	3608	2201	3023	2543	2591	2223	2617	2398	3022	2474	3708	2632	3719	2337	3115	2370	3905	2561	3629	2623
SMARCE1	1432	1002	1364	1143	1144	1185	1151	955	1131	1048	1139	1161	1204	1154	1327	1347	1386	1469	1151	1698	1554	1280	1348	1355	1386	1785	1452	2186	2255	1975	2242	1915	2420	2065	2207	2094	2134	2046	1952	2197	2165	2906	2591	3188	2587	3044	2637	3775	2272	3502	2808	2903	3070	3343	2847	3071	2824	4269	2793	4799	2877	5005	2618	4273	3212	4691	3482	4688	3215
PTDSS1	3271	2765	3638	2847	3011	2878	2818	2405	2930	2450	3109	2762	2937	2636	3040	2520	3239	2587	3009	3118	3348	2609	2751	2517	3209	3074	2928	2985	3411	3042	3444	2932	3713	3470	3494	2925	3069	2821	3042	3605	3520	2330	3927	2737	4321	2886	3003	3293	2905	3017	3118	2513	3196	2445	3080	1854	1999	2220	2116	2603	2434	2728	2111	2144	2314	2418	2393	2142	2202
LHX4	59	104	87	97	58	77	66	64	72	105	77	86	81	358	177	357	211	318	197	454	220	386	243	402	249	459	215	98	151	107	132	107	126	113	124	97	118	89	109	113	95	122	113	122	74	121	161	141	203	137	160	111	276	71	198	122	279	180	334	209	281	226	283	204	224	222	322	252	328
GOLGA2	2384	2573	2459	2289	2311	2147	2399	1963	2371	2061	2494	2152	2050	2213	2508	2451	2703	2345	2906	3018	2699	2730	2466	2370	2799	2852	2507	2010	1853	1788	1713	1864	1915	2048	1808	1729	1498	1891	1486	2285	1813	1732	2504	1877	2776	1905	2210	2446	2145	2270	2024	1818	2324	1941	2235	2218	2441	2690	2513	3291	2660	3203	2632	2737	2255	3337	2600	3165	2664
BCKDK	1842	1960	2145	1735	1971	1534	2096	1342	2115	1444	2023	1534	1784	1394	1625	1491	1872	1482	1966	1837	2075	1659	1668	1419	1985	1796	1854	2216	2107	1879	1912	1993	2267	2260	2373	1943	2002	1979	1895	2174	2063	1698	1031	1877	1169	1828	1164	2773	1479	2597	1440	2001	1663	2109	1353	1629	1095	2078	1246	2423	1257	2562	1137	2332	1258	2523	1368	2477	1221
SMARCAL1	1090	982	1140	848	1019	772	1018	727	1017	850	1034	792	1037	1074	1270	1347	1393	1277	1473	1437	1482	1198	1248	1180	1406	1382	1303	1217	1217	1108	1232	1094	1291	1220	1266	1100	1091	1021	1106	1307	1077	1203	793	1318	779	1232	1044	1815	890	1659	1013	1337	1243	1297	938	1271	1056	1498	1124	1801	1112	1865	1108	1659	1002	1993	1288	1857	1258
KMT2D	4276	6635	6931	6426	5953	5117	4995	4615	5843	5783	6701	4895	5933	6376	7484	6326	7418	5883	7559	7511	6790	5430	5907	6538	7735	8301	7076	5190	8581	5196	7525	6229	6920	6322	6847	6125	6566	6297	6418	6243	7578	7667	13039	7854	15748	7701	9518	10353	10527	10100	9621	8344	11940	3647	10201	9094	10952	10497	9609	11850	10378	12438	8918	9212	5484	11218	11340	12574	9734
PSMB1	6218	4533	5799	4653	4862	4965	5363	3974	5128	4369	5042	4868	5094	4570	4592	4969	5031	4938	4839	5922	5345	5064	4373	4843	4890	5586	4574	4275	3730	3727	3653	3802	4079	4251	3902	3976	3346	3885	3188	4419	3591	3050	2618	3729	2803	3489	2694	4295	2541	4364	2911	3677	3221	4478	2795	2717	2208	3198	2214	3923	2348	3773	2256	3201	2775	3584	2718	3516	2478
GRM7	10	17	4	8	8	6	6	5	2	6	12	6	8	11	24	22	31	13	46	27	16	19	24	8	43	17	32	9	22	37	18	14	19	20	13	19	23	21	16	34	20	1	6	5	2	9	2	6	0	5	6	14	5	2	8	4	14	0	1	10	3	13	5	4	3	9	4	9	5
CDH15	21	38	34	22	29	42	43	16	34	16	28	22	25	69	138	67	192	71	229	75	212	79	174	75	185	85	182	376	913	302	814	285	947	319	968	245	762	307	803	289	834	273	833	320	1241	390	775	540	820	380	855	347	1258	360	805	377	326	349	401	521	633	583	387	426	498	567	580	524	382
ALG3	969	1189	1218	1135	1097	1069	1067	896	1012	1005	961	984	1020	922	989	1056	1034	930	1089	1110	1146	919	961	934	972	1142	991	966	994	845	883	964	1030	951	986	928	925	895	778	994	809	738	592	907	684	859	615	1174	686	1030	683	892	804	835	651	701	518	895	586	1066	519	985	536	960	530	1010	580	1182	489
GALNS	564	674	802	716	709	649	600	516	671	622	585	599	740	699	920	776	1163	772	1261	1017	1173	756	986	689	1228	969	969	1009	883	783	901	988	956	1022	878	830	933	954	758	1058	818	602	567	681	727	672	534	922	540	937	581	692	691	682	675	445	533	525	650	665	694	689	663	629	520	752	680	657	663
BRD4	4295	5398	6242	5511	5717	4908	4683	3941	5436	4616	5223	4665	5416	4224	4026	4701	4291	4635	4795	5723	4602	4408	4128	4399	4591	5727	4213	4745	4877	4536	4433	4967	4865	5402	4504	4716	4507	4671	4034	5102	4621	5302	6519	5904	8376	6890	4952	8367	5418	7792	5221	6151	5509	5485	4880	6378	4748	7552	4436	9150	4997	9403	4387	7884	4021	9189	5164	9393	4972
GABRA3	246	308	346	316	261	384	263	253	292	296	246	255	300	253	182	235	197	241	166	287	206	281	189	260	240	339	190	57	55	50	44	96	72	84	76	89	86	62	46	71	60	13	32	34	23	20	24	18	28	21	22	11	16	10	22	12	51	8	65	36	47	12	50	17	40	10	42	8	51
STT3B	7309	5490	6892	6230	6417	6868	6485	6005	6367	6419	6321	6714	6339	7092	6963	7752	6884	8075	6131	9100	7745	7737	6910	8060	7653	8875	7379	7324	6369	7380	6371	7625	6955	8107	6383	7726	6102	7515	5843	8702	6737	5331	4197	5741	4151	5461	3642	6772	3133	6654	3547	5672	4621	5709	3785	3905	3206	4901	3133	5762	3204	6052	2863	5602	3503	5930	3911	5912	3540
DGCR2	2945	4023	4325	3913	3805	3575	3409	2923	3910	3283	3675	3297	3682	2750	2446	2920	2825	2639	3051	3516	2888	2766	2536	2706	2737	3375	2624	3177	2969	2829	2868	3084	3094	3451	3076	2838	2797	2897	2609	3359	3229	2650	3588	3202	4409	3418	3083	4383	3676	4236	3256	3254	3547	2863	3020	3416	3359	4004	3504	4834	3565	5081	3281	4140	3072	5005	3546	4586	3692
CTNNB1	21529	19475	22538	18792	19117	19874	19503	16301	18856	18349	18916	20177	19359	26835	23183	27609	25643	28557	24292	34163	26741	29252	23871	28178	25638	33534	23423	19711	16292	19540	15775	19466	16861	21980	16591	20478	14715	18926	14134	22905	15532	12780	12874	14949	13718	14873	11028	17742	10247	17371	11604	14437	13868	15019	11624	11744	11899	14577	11525	15974	12050	17505	11722	14491	12044	15465	13015	16368	13270
SMAD4	3233	2602	3335	2656	2847	2804	2776	2600	2828	2598	2919	3068	2703	2818	2964	2833	2853	2912	2488	3377	2993	3134	2692	2796	2983	3466	2906	3602	2942	3443	2900	3549	2986	3540	2860	3583	2594	3596	2449	3968	2808	3660	3034	3982	3244	3680	2621	4826	2436	4455	2507	3731	2831	3987	2540	3068	2517	4161	2315	4614	2660	4990	2281	4295	2583	4446	2866	5109	2857
HCN4	463	660	506	607	530	527	485	534	591	602	504	523	468	1106	1160	1051	1468	1007	1299	1237	1357	1146	1109	953	1304	1282	1186	1220	1266	1205	1229	1301	1303	1463	1346	1259	1154	1199	1175	1410	1293	1000	1254	1085	1547	1308	991	1558	1047	1288	996	1080	1124	789	1018	1217	1118	1464	1110	1919	1061	1885	1001	1653	810	1778	981	1849	1161
TRH	8	1	6	9	2	7	4	9	6	5	11	1	0	10	30	19	10	4	37	14	22	8	21	9	32	9	18	13	16	1	8	2	10	10	15	12	14	3	13	9	22	4	13	7	21	5	9	9	24	5	19	1	17	3	19	34	62	39	62	38	65	43	55	37	65	29	63	47	52
CDK13	2527	2269	2700	2559	2271	2172	2391	2030	2474	2163	2578	2241	2348	2009	2238	2243	2121	2240	1942	2677	2287	2128	2034	2364	2385	2759	2097	2254	2411	2194	2233	2187	2185	2582	2126	2312	2063	2101	2022	2572	2383	2397	2845	2443	3151	2414	2292	3090	2088	2972	2198	2447	2536	1995	2227	2169	2285	2615	2124	3109	2448	3108	2074	2681	2044	2875	2477	3118	2326
SCN8A	865	1086	1236	1063	948	1055	771	929	922	1059	975	1033	1029	1956	2439	1858	2797	1791	2767	2531	2711	2028	2422	2252	2949	2453	2974	3113	4673	3260	4328	3464	4216	3579	3921	3504	3666	3761	3805	4330	4045	3875	4771	4095	5829	3756	3334	4768	3331	4381	3419	4144	3582	2398	3489	3548	3263	4382	3064	4839	3102	4990	2924	4424	2138	4892	3651	5371	3133
PCDH12	48	44	76	38	46	49	60	53	57	62	58	50	42	328	334	283	315	237	299	350	300	325	271	311	348	349	291	65	142	100	126	103	110	126	105	106	81	119	102	84	106	127	122	136	211	115	99	137	135	131	139	99	146	103	159	123	184	145	141	164	130	166	120	146	135	176	167	164	187
MSX2	23	11	11	15	7	15	10	8	9	10	4	15	12	35	48	53	46	34	50	68	53	42	48	42	43	61	55	35	20	17	15	33	18	30	25	31	27	18	21	27	38	12	14	6	8	8	11	28	10	31	10	12	19	16	14	4	6	1	5	7	9	6	4	1	6	7	0	8	4
MAF	79	100	109	106	88	95	80	100	96	104	61	105	61	366	621	416	832	424	800	448	958	440	685	402	849	504	777	767	683	716	641	780	743	935	834	859	641	779	625	930	796	393	785	429	815	485	582	712	643	628	674	566	789	574	601	165	224	189	276	226	302	242	210	241	270	292	337	249	306
MARS2	1324	1130	1343	1090	1215	1116	1250	1008	1266	1008	1169	1121	1222	713	787	762	822	783	821	949	852	797	763	814	796	842	781	494	518	452	455	425	513	529	523	482	446	453	484	532	469	387	314	426	367	440	304	535	284	470	287	406	371	367	319	242	251	323	244	397	267	422	249	342	253	378	264	419	305
GCLC	2926	2167	2805	2218	2431	2302	2440	1941	2391	2005	2483	2226	2494	1405	1345	1489	1317	1835	1177	1905	1351	1545	1262	1576	1374	1892	1333	960	828	955	893	940	971	1135	895	1020	777	975	815	1151	923	816	993	932	1005	864	889	1087	840	1021	834	885	1023	928	956	759	1024	1048	994	1169	928	1180	977	1014	1040	1146	1028	1193	1044
TNFSF11	249	202	237	286	246	255	151	184	186	304	146	252	188	98	48	159	71	141	43	172	46	104	69	164	55	131	50	14	5	8	8	5	5	9	1	18	4	8	13	19	4	2	5	2	0	2	0	4	4	0	3	5	2	0	1	2	5	1	2	1	0	6	4	5	1	1	2	0	0
TSEN54	1185	1216	1370	1163	1341	1112	1197	921	1384	1094	1208	1128	1360	792	723	837	902	863	989	1204	868	938	802	719	1013	1069	795	910	714	761	716	807	818	891	831	761	753	816	753	872	739	620	624	729	791	732	476	916	580	891	637	783	645	653	618	487	497	516	415	639	476	678	508	572	498	748	472	711	450
SYT1	2638	2146	2369	2315	2196	2482	2200	2080	2262	2528	2297	2338	2342	1235	1448	1291	1177	1350	1139	1648	1395	1403	1126	1413	1281	1618	1207	1538	2888	1738	2520	1679	2818	1929	2539	1675	2216	1472	1963	1769	2803	2916	6742	3197	6660	3289	5859	3971	5019	3054	5039	2793	5053	3038	5290	5625	7129	6947	6734	7254	6102	8521	6519	7408	6238	6843	7252	7438	7863
CRBN	1184	821	1126	809	916	925	1007	863	919	957	956	962	964	896	941	923	1040	973	810	1154	976	1098	890	1013	1050	1194	894	1212	1056	1105	960	1065	1100	1157	1126	1115	971	1056	957	1244	1087	1190	1120	1320	1237	1364	979	1601	1080	1351	1064	1203	1232	1369	1164	1225	1203	1488	1229	1856	1287	1826	1023	1598	1179	1827	1393	1836	1323
DEPDC5	779	746	926	707	872	702	760	677	801	710	834	666	852	760	809	774	1013	777	1023	901	916	729	870	741	916	896	854	837	960	766	904	899	956	860	836	915	816	818	745	929	854	922	596	942	591	790	649	1094	528	986	683	961	848	656	723	664	788	787	770	961	787	1055	811	896	631	990	885	946	821
GTPBP3	1224	1626	1679	1428	1482	1412	1592	1204	1708	1291	1652	1327	1590	993	1050	1022	1157	977	1295	1330	1230	1054	1037	956	1324	1166	1069	1328	1237	1126	1171	1314	1216	1316	1316	1199	1192	1235	1145	1381	1085	1015	913	1262	1060	1351	871	1640	1042	1515	930	1327	1186	1295	966	1124	1125	1342	1280	1777	1238	1776	1064	1470	1124	1814	1223	1838	1179
SPTBN1	15494	18596	19957	18310	18494	16236	15982	13302	17409	15559	18235	15239	17248	14536	14979	15379	14130	14756	14346	17815	14325	14703	12472	15275	14802	18645	12965	10094	12057	10646	11055	10792	11566	11695	11078	10618	9941	10305	9171	11955	12025	10698	25737	11956	27305	12293	19253	14632	18788	13301	17404	11172	17005	7906	18488	18530	27603	22825	26615	24861	26201	26192	27000	22117	19321	23081	28531	23464	30510
DALRD3	705	817	820	754	684	730	879	595	833	599	833	737	787	477	320	478	391	468	465	552	371	396	328	452	400	537	335	301	231	245	212	220	250	324	333	220	210	254	229	326	280	173	247	173	260	229	273	220	359	211	277	198	307	188	346	234	425	265	418	288	420	311	386	313	424	288	395	328	439
PDZD8	2030	1791	2004	1800	1902	1934	1653	1806	1924	1987	1761	1882	1771	3037	2917	3036	2840	3112	2459	4073	2947	3330	2805	3607	2995	4032	2927	1825	1649	1709	1532	1859	1709	2079	1529	1973	1710	1901	1535	2166	1692	1430	995	1468	880	1492	907	1844	776	1698	864	1441	1171	1201	1038	1022	957	1234	938	1448	965	1548	859	1362	918	1431	1183	1544	1033
TUBB3	43	46	74	50	53	43	44	21	55	41	35	35	60	53	76	67	88	69	109	60	73	36	57	58	89	57	88	139	334	187	321	145	289	163	281	185	227	140	236	165	314	395	980	470	1264	453	874	574	1043	580	970	454	875	364	934	733	1181	857	1183	1125	1328	1299	1197	1067	1073	1090	1239	1143	1267
ZNF423	1124	1635	1753	1679	1678	1546	1362	1108	1427	1316	1485	1273	1595	1502	1878	1555	2114	1551	2457	1823	2439	1451	1871	1467	2190	1961	2116	4480	4157	3841	3905	4258	4189	4569	4429	4210	4190	4090	3541	4545	4416	4319	4976	4928	6222	5493	4224	7001	4743	6262	4135	5245	4448	4541	3874	6029	3975	7373	3995	8756	4300	8727	4018	8196	3457	9126	4281	9130	4170
TMEM165	2886	2311	2685	2313	2469	2701	2400	2152	2597	2265	2315	2795	2575	2325	2333	2605	2569	2794	2466	3333	2741	2687	2512	2630	2588	3092	2546	2447	2106	2372	1938	2449	2237	2337	2207	2553	2105	2328	2002	2792	2098	2094	1702	2262	2080	1993	1608	2756	1311	2382	1706	2274	1794	2317	1585	1456	1115	1935	1124	2313	1119	2665	1044	2073	1283	2348	1291	2498	1185
POLR1B	2594	2175	3124	2308	2328	2242	2512	1777	2387	1857	2477	2244	2489	1388	1684	1576	1735	1829	1546	1856	1815	1637	1484	1544	1773	2040	1691	1155	1243	1166	1253	1095	1216	1187	1187	1215	1122	1016	989	1265	1223	1045	694	1008	619	1114	697	1437	620	1179	847	1061	924	981	825	759	651	939	656	1031	697	1115	620	915	714	1025	769	1094	715
GOT2	6688	6124	7677	5955	6834	6098	6448	4799	6973	5399	6430	5997	6309	4321	4643	4425	4645	4519	4599	5405	4872	4856	4332	4730	4953	5527	4103	4171	3815	3663	3780	3596	4042	4074	4139	3851	3675	3538	3392	4301	3677	2928	1879	3536	1985	3470	1951	4336	1782	4091	2151	3450	2617	3680	2145	2713	2220	3459	2200	3970	2351	3958	2087	3478	2404	3884	2486	3878	2349
GRIK2	116	84	70	67	87	69	93	67	104	67	91	72	98	31	31	33	19	60	9	39	20	20	28	39	37	44	25	29	77	41	112	46	122	50	107	37	61	36	71	27	101	158	1027	189	1180	165	964	250	863	178	798	145	795	166	822	856	1256	1072	1305	1246	1313	1327	1391	1234	1164	1153	1509	1202	1519
CEP135	974	730	1096	786	732	798	927	590	797	706	871	842	912	724	671	757	530	899	556	962	628	705	497	950	744	907	644	534	456	523	405	540	454	588	417	565	397	593	401	625	388	314	277	349	211	303	285	426	253	371	299	355	356	344	388	141	217	146	225	173	216	227	178	123	214	133	328	133	228
SBDS	975	669	817	717	837	692	817	668	832	647	723	768	803	974	1069	963	1241	1125	1077	1132	1261	988	1094	922	1246	1211	1138	1745	1672	1597	1683	1625	1829	1722	1826	1574	1648	1714	1549	1908	1607	1861	1784	2080	1704	2088	1662	2565	1458	2304	1740	1795	1974	2106	1775	1870	1316	2410	1358	2833	1476	2819	1407	2675	1742	3054	1722	2941	1501
GRIN1	113	185	170	163	193	120	124	139	195	133	140	143	197	35	47	50	72	30	73	63	79	57	66	60	76	64	92	27	144	31	83	29	137	22	111	23	83	21	106	25	101	31	182	15	229	29	173	28	217	37	213	28	168	28	263	78	581	57	522	124	504	122	503	109	399	116	503	111	550
COL2A1	286	517	412	478	415	406	378	398	437	396	472	384	427	261	70	252	141	194	203	314	152	256	181	246	186	253	156	100	39	106	35	92	16	83	45	95	26	72	39	84	25	8	7	13	22	16	14	14	16	6	23	14	7	18	11	8	14	14	10	25	21	4	8	17	10	0	12	5	25
MMP2	1815	2145	2070	2109	1954	1954	1912	1666	1899	1830	1893	1808	1751	8088	7120	8139	6717	7600	7128	10056	6736	8349	6355	7700	7016	9597	5928	2768	1235	2827	1284	2911	1562	3144	1460	2770	1236	2505	1140	3430	1411	644	508	743	478	806	432	873	385	1023	484	732	703	716	467	188	300	199	313	237	342	305	309	248	357	262	340	244	281
