Gene	L12023_WT_d0_1_R1.fastq.trimmed.segemehl..bam.rnacounter_Count	L12087_miR-124KO_d0_2_R1.fastq.trimmed.segemehl..bam.rnacounter_Count	L12024_WT_d0_2_R1.fastq.trimmed.segemehl..bam.rnacounter_Count	L12088_miR-124KO_d0_3_R1.fastq.trimmed.segemehl..bam.rnacounter_Count	L12025_WT_d0_3_R1.fastq.trimmed.segemehl..bam.rnacounter_Count	L12089_miR-124KO_d0_4_R1.fastq.trimmed.segemehl..bam.rnacounter_Count	L12026_WT_d0_4_R1.fastq.trimmed.segemehl..bam.rnacounter_Count	L12091_miR-124KO_d0_6_R1.fastq.trimmed.segemehl..bam.rnacounter_Count	L12027_WT_d0_6_R1.fastq.trimmed.segemehl..bam.rnacounter_Count	L12092_miR-124KO_d0_7_R1.fastq.trimmed.segemehl..bam.rnacounter_Count	L12028_WT_d0_7_R1.fastq.trimmed.segemehl..bam.rnacounter_Count	L12093_miR-124KO_d0_8_R1.fastq.trimmed.segemehl..bam.rnacounter_Count	L12029_WT_d0_8_R1.fastq.trimmed.segemehl..bam.rnacounter_Count	L12094_miR-124KO_d1_2_R1.fastq.trimmed.segemehl..bam.rnacounter_Count	L12030_WT_d1_1_R1.fastq.trimmed.segemehl..bam.rnacounter_Count	L12095_miR-124KO_d1_3_R1.fastq.trimmed.segemehl..bam.rnacounter_Count	L12031_WT_d1_2_R1.fastq.trimmed.segemehl..bam.rnacounter_Count	L12096_miR-124KO_d1_4_R1.fastq.trimmed.segemehl..bam.rnacounter_Count	L12032_WT_d1_3_R1.fastq.trimmed.segemehl..bam.rnacounter_Count	L12097_miR-124KO_d1_5_R1.fastq.trimmed.segemehl..bam.rnacounter_Count	L12033_WT_d1_5_R1.fastq.trimmed.segemehl..bam.rnacounter_Count	L12098_miR-124KO_d1_6_R1.fastq.trimmed.segemehl..bam.rnacounter_Count	L12034_WT_d1_6_R1.fastq.trimmed.segemehl..bam.rnacounter_Count	L12099_miR-124KO_d1_7_R1.fastq.trimmed.segemehl..bam.rnacounter_Count	L12035_WT_d1_7_R1.fastq.trimmed.segemehl..bam.rnacounter_Count	L12100_miR-124KO_d1_8_R1.fastq.trimmed.segemehl..bam.rnacounter_Count	L12036_WT_d1_8_R1.fastq.trimmed.segemehl..bam.rnacounter_Count	L12101_miR-124KO_d2_2_R1.fastq.trimmed.segemehl..bam.rnacounter_Count	L12037_WT_d2_1_R1.fastq.trimmed.segemehl..bam.rnacounter_Count	L12102_miR-124KO_d2_3_R1.fastq.trimmed.segemehl..bam.rnacounter_Count	L12038_WT_d2_2_R1.fastq.trimmed.segemehl..bam.rnacounter_Count	L12103_miR-124KO_d2_4_R1.fastq.trimmed.segemehl..bam.rnacounter_Count	L12039_WT_d2_3_R1.fastq.trimmed.segemehl..bam.rnacounter_Count	L12104_miR-124KO_d2_5_R1.fastq.trimmed.segemehl..bam.rnacounter_Count	L12040_WT_d2_5_R1.fastq.trimmed.segemehl..bam.rnacounter_Count	L12105_miR-124KO_d2_6_R1.fastq.trimmed.segemehl..bam.rnacounter_Count	L12041_WT_d2_6_R1.fastq.trimmed.segemehl..bam.rnacounter_Count	L12106_miR-124KO_d2_7_R1.fastq.trimmed.segemehl..bam.rnacounter_Count	L12042_WT_d2_7_R1.fastq.trimmed.segemehl..bam.rnacounter_Count	L12107_miR-124KO_d2_8_R1.fastq.trimmed.segemehl..bam.rnacounter_Count	L12043_WT_d2_8_R1.fastq.trimmed.segemehl..bam.rnacounter_Count	L12108_miR-124KO_d3_1_R1.fastq.trimmed.segemehl..bam.rnacounter_Count	L12044_WT_d3_1_R1.fastq.trimmed.segemehl..bam.rnacounter_Count	L12109_miR-124KO_d3_2_R1.fastq.trimmed.segemehl..bam.rnacounter_Count	L12045_WT_d3_2_R1.fastq.trimmed.segemehl..bam.rnacounter_Count	L12110_miR-124KO_d3_4_R1.fastq.trimmed.segemehl..bam.rnacounter_Count	L12046_WT_d3_4_R1.fastq.trimmed.segemehl..bam.rnacounter_Count	L12111_miR-124KO_d3_5_R1.fastq.trimmed.segemehl..bam.rnacounter_Count	L12047_WT_d3_5_R1.fastq.trimmed.segemehl..bam.rnacounter_Count	L12112_miR-124KO_d3_6_R1.fastq.trimmed.segemehl..bam.rnacounter_Count	L12048_WT_d3_6_R1.fastq.trimmed.segemehl..bam.rnacounter_Count	L12113_miR-124KO_d3_7_R1.fastq.trimmed.segemehl..bam.rnacounter_Count	L12049_WT_d3_7_R1.fastq.trimmed.segemehl..bam.rnacounter_Count	L12114_miR-124KO_d3_8_R1.fastq.trimmed.segemehl..bam.rnacounter_Count	L12050_WT_d3_8_R1.fastq.trimmed.segemehl..bam.rnacounter_Count	L12115_miR-124KO_d4_1_R1.fastq.trimmed.segemehl..bam.rnacounter_Count	L12051_WT_d4_1_R1.fastq.trimmed.segemehl..bam.rnacounter_Count	L12116_miR-124KO_d4_2_R1.fastq.trimmed.segemehl..bam.rnacounter_Count	L12052_WT_d4_2_R1.fastq.trimmed.segemehl..bam.rnacounter_Count	L12117_miR-124KO_d4_3_R1.fastq.trimmed.segemehl..bam.rnacounter_Count	L12053_WT_d4_3_R1.fastq.trimmed.segemehl..bam.rnacounter_Count	L12118_miR-124KO_d4_4_R1.fastq.trimmed.segemehl..bam.rnacounter_Count	L12054_WT_d4_4_R1.fastq.trimmed.segemehl..bam.rnacounter_Count	L12119_miR-124KO_d4_5_R1.fastq.trimmed.segemehl..bam.rnacounter_Count	L12084_WT_d4_6_R1.fastq.trimmed.segemehl..bam.rnacounter_Count	L12120_miR-124KO_d4_6_R1.fastq.trimmed.segemehl..bam.rnacounter_Count	L12085_WT_d4_7_R1.fastq.trimmed.segemehl..bam.rnacounter_Count	L12121_miR-124KO_d4_7_R1.fastq.trimmed.segemehl..bam.rnacounter_Count	L12086_WT_d4_8_R1.fastq.trimmed.segemehl..bam.rnacounter_Count
ZEB2	28	14	10	4	17	15	13	10	12	12	5	6	16	863	1658	862	1874	1051	1832	954	1962	805	1597	816	1886	1086	1930	4014	4820	3515	4663	4011	4867	4143	4684	3933	4264	4037	4120	4416	4859	5068	7724	5562	8486	5747	5942	7230	5571	6322	5794	5571	6604	4901	6211	5689	4117	7354	4111	8001	4553	8736	3868	7619	4012	7624	5362	8151	4434
RIC1	1639	1464	1797	1380	1465	1523	1562	1295	1586	1432	1604	1494	1619	1407	1809	1620	1663	1515	1510	1868	1657	1595	1465	1705	1894	1794	1656	1485	1364	1431	1387	1412	1535	1807	1231	1488	1185	1550	1223	1825	1557	1151	789	1163	827	1154	795	1483	692	1465	802	1339	1109	1011	812	523	517	677	558	748	561	856	545	720	495	729	756	862	555
CACNA1B	566	789	755	653	663	597	680	587	788	591	788	650	752	531	676	495	756	555	820	641	807	494	813	591	871	589	776	2007	3486	1977	3086	2124	3197	2342	2909	2115	2886	2155	2639	2141	3060	3428	6566	3908	7578	3768	6152	4762	7005	4244	6304	3723	6384	2486	6708	5598	9554	6913	9430	7760	9309	8006	9113	6886	6773	7116	10102	7633	9821
MKRN3	0	0	0	2	0	1	4	0	0	0	1	0	0	4	7	1	10	3	7	8	6	3	12	1	3	11	3	21	39	9	26	23	36	24	35	35	15	11	20	17	37	104	68	115	101	119	68	141	72	119	82	84	57	81	53	287	100	390	66	347	71	492	81	366	92	411	67	400	77
MAST1	685	900	882	898	939	793	856	745	894	810	813	801	988	678	897	847	937	711	1155	1102	1080	897	867	781	987	1017	992	1795	2359	1805	2224	1833	2569	1883	2376	1841	1963	1576	2019	1981	2204	2115	5479	2479	6828	3014	4678	3153	5595	2964	4574	2505	3927	1987	4470	3986	6991	4736	7133	5918	7030	6591	7106	5212	5568	5799	6985	5815	7561
TEFM	268	203	261	237	204	210	256	198	236	191	210	231	227	183	212	266	207	242	195	346	240	238	151	210	199	292	207	200	154	170	148	157	170	207	175	168	170	180	194	244	155	167	146	173	163	193	155	187	94	214	148	173	204	182	150	119	172	166	141	182	175	237	125	150	179	174	221	155	174
SLC16A2	1605	1771	1833	1728	1724	1792	1577	1536	1829	1521	1602	1531	1443	2337	1741	2407	1888	2267	2112	3054	2059	2433	1751	2350	2076	2900	1830	2500	1985	2334	1918	2402	2073	2798	1934	2447	2021	2522	1679	2683	1987	2418	2126	2811	2258	2725	1735	3523	1560	3468	1565	2791	1925	2216	1530	2146	1137	2693	1229	3133	1161	3141	1176	2647	1108	3237	1329	2792	1219
PACS1	1271	1722	1639	1825	1459	1479	1499	1316	1562	1316	1449	1271	1517	1096	1083	1112	1180	1051	1246	1433	1297	1154	1014	953	1253	1436	1078	808	823	703	857	798	813	882	921	721	763	769	751	864	796	385	664	427	571	430	573	549	718	532	592	519	785	327	664	300	939	349	958	422	965	485	947	420	857	507	966	442	964
LAGE3	522	583	637	596	617	549	621	471	638	486	596	551	601	410	381	451	512	478	549	531	517	462	421	453	545	528	393	467	265	339	314	373	345	476	310	329	382	390	330	368	308	179	93	242	126	227	96	284	142	289	175	178	132	289	140	114	100	135	114	196	93	176	105	152	84	249	102	209	123
MED17	933	733	957	741	883	843	855	641	838	672	797	922	857	1002	1136	1143	1145	1173	1113	1304	1198	1048	1040	1057	1131	1387	1172	1397	1677	1334	1510	1340	1676	1446	1642	1259	1635	1369	1391	1508	1450	1713	2119	1829	1975	1794	1812	2476	1719	2110	1786	1815	2240	1935	1908	1781	1527	2385	1533	2639	1536	2920	1406	2569	1622	2434	1868	2927	1694
HNRNPC	22142	17125	21732	17362	19326	18674	19456	15862	19417	16396	18961	18940	19011	18749	17558	19512	18700	18990	17308	23743	19834	20843	17613	20130	19131	23111	17939	15188	13690	14103	13853	14151	14698	15297	14482	15167	12873	13736	12779	17401	13638	12652	8928	14822	9631	13881	8317	17586	7893	17395	8899	14391	11167	16440	9177	9926	6606	13010	6604	14770	7599	15233	6385	13914	7858	15475	8571	16210	7084
SNAPC4	985	1095	1522	1134	1329	1053	1086	848	1293	936	1251	990	1301	787	724	781	809	808	981	953	826	832	678	807	881	976	695	855	1131	784	1002	824	1113	852	1020	766	881	887	866	926	911	1307	2283	1418	2783	1460	1750	1936	2081	1680	1890	1489	2086	1082	1797	2004	1546	2264	1658	2874	1846	3185	1748	2596	1343	2935	1628	3044	1551
FZD2	133	327	264	354	236	368	214	218	245	315	204	290	239	203	212	167	268	179	308	233	293	198	254	185	252	210	219	190	191	232	141	261	212	258	188	207	191	252	167	255	162	113	58	133	44	118	51	157	52	150	44	164	102	163	55	55	23	42	22	34	49	55	25	34	29	43	31	54	18
AUH	1144	914	970	882	991	795	917	838	971	781	896	906	932	731	827	726	840	688	814	908	848	795	929	700	847	867	845	718	748	670	601	856	715	793	777	843	673	768	695	908	611	615	748	680	695	806	533	893	552	846	549	636	670	695	605	810	638	964	630	1076	620	1025	593	960	561	994	654	1147	679
DHDDS	1222	1183	1704	1270	1406	1145	1176	983	1446	961	1260	1079	1284	1161	1195	1291	1310	1263	1221	1344	1285	1102	1134	1215	1378	1470	1092	1220	1248	1171	1271	1250	1312	1230	1476	1152	1245	1232	1198	1282	1239	1348	1295	1478	1154	1515	1321	2012	1395	1796	1550	1487	1761	1416	1528	1467	1434	1698	1536	2219	1569	2049	1380	1634	1411	1985	1676	1947	1578
CCND2	6739	7433	6968	7124	5897	7419	6096	6977	6073	7465	6246	7452	5822	5805	7824	6381	6739	6628	6713	7563	6880	5954	6314	6265	6847	7478	6577	6461	5996	6142	5730	6798	6360	7162	6101	6343	5535	6020	4960	7706	5989	5576	4559	5590	5343	6461	3726	6936	3411	6409	3594	5208	4188	5236	3613	8181	3001	10695	3136	12928	3312	12448	3016	11275	3362	12812	3911	14139	3286
AIMP1	1977	1360	1451	1205	1416	1433	1571	1337	1500	1411	1538	1537	1284	1410	1398	1428	1583	1527	1432	1718	1555	1519	1592	1528	1619	1582	1524	1687	1113	1496	1187	1725	1360	1657	1323	1708	1206	1638	1164	2032	1275	1390	487	1556	413	1539	575	1877	504	1957	557	1403	732	1652	647	893	511	1221	472	1356	564	1388	515	1421	675	1532	636	1471	593
VAC14	2150	2557	2655	2515	2728	2206	2390	1766	2608	1947	2559	2225	2345	2147	2018	2083	2288	2012	2479	2664	2292	2158	1957	1998	2407	2469	1941	2038	2019	1716	1895	2003	1974	2244	1940	1883	1849	1815	1612	2159	1876	1700	1555	1988	1740	1949	1495	2467	1492	2392	1673	2075	2000	1802	1647	1759	1770	2002	1793	2364	1811	2408	1648	2181	1470	2400	1747	2316	1856
ZFR	5397	4562	5524	4581	4678	4848	4790	4240	4488	4430	4567	5158	4650	5011	4750	4773	4941	5609	4321	5906	5069	5300	4228	5453	4811	6367	4628	4665	4578	4616	4656	4681	4859	5150	4714	4981	4216	4415	3998	5445	4536	4747	4128	5077	4196	4745	3940	6050	3525	5583	4360	4702	4791	4630	4400	4489	4775	5957	4515	6625	4876	7024	4469	6241	4709	6698	5534	7121	5230
NUS1	3988	2766	3419	2903	3067	3208	3073	2799	3194	2945	3154	3313	3221	2412	2390	2460	2486	2854	2071	3177	2644	2661	2291	3014	2455	3265	2359	1848	1515	1641	1529	1729	1533	1839	1480	1646	1415	1646	1367	2012	1499	1318	994	1402	948	1319	825	1699	812	1708	879	1358	1020	1539	947	1030	975	1396	884	1565	1038	1648	852	1422	1161	1583	1233	1615	1070
RPL18	9623	9789	10065	9401	9287	8995	9427	8245	9532	8853	8902	9278	8902	8604	8534	8734	10377	8315	10655	10907	10655	9437	9042	8399	9335	10053	8645	9950	8016	7516	7353	8020	8725	9411	8692	8000	7964	8078	7433	9343	7920	6003	5017	7691	6911	7513	5179	10220	5809	10044	6287	8138	6121	8946	5376	6041	3719	7087	4142	8876	4593	9279	3883	8015	4798	9864	4695	9330	4384
PPP3CA	2169	1812	1902	1941	1943	2103	2076	1822	1896	1920	1822	2078	2019	1575	1487	1616	1476	1484	1223	1835	1490	1604	1285	1816	1371	1895	1436	1289	1043	1165	994	1167	1050	1462	964	1244	980	1190	825	1542	992	759	1004	780	1124	944	820	1028	838	907	751	709	914	803	812	901	1246	1163	1170	1396	1087	1370	1053	1201	1103	1424	1327	1396	1338
RAF1	5607	5143	6414	4681	5327	4800	5022	4101	5426	4398	5278	4676	5375	5371	7225	5735	7669	5573	7395	6663	7889	5595	6903	5605	7904	6715	7380	8557	9554	8056	8828	8091	9768	8820	9017	8077	8580	8294	8067	9541	8534	9260	10872	10245	11721	10129	9044	12817	8605	11828	8439	10368	10113	9175	8818	8549	7321	11060	7870	12240	7962	12619	7681	11194	7141	12145	8190	12438	7993
ASPM	4440	3721	4673	3661	3784	4163	3504	3674	3701	4167	4074	4283	4092	4778	5248	5089	4751	4560	4357	6046	5154	5326	5086	5693	5474	5776	5227	4128	4375	4788	4136	4488	4725	4705	4620	4808	3910	4571	4017	5486	4329	3248	1666	3595	1555	3092	1408	3930	1182	3876	1424	3515	2469	2603	1750	602	546	842	515	842	781	906	477	804	606	906	946	1086	468
RPL5	20738	15657	18340	15638	16390	17026	16793	15564	16790	15563	15939	17578	15609	14969	16280	15702	18018	16393	16712	19154	19453	16927	16307	16298	17629	18248	16598	16679	13439	13676	13141	14167	14567	15921	14229	15627	12574	14600	12047	18047	12981	10359	7389	11902	8003	11269	6881	14041	6368	14212	7376	11247	8400	14225	6990	7811	4969	10221	5098	11702	6034	12102	4986	10438	6585	12448	6505	12645	5591
CTNNA2	534	670	486	557	453	599	489	581	536	649	390	580	481	420	336	419	412	373	425	524	460	472	329	454	441	368	420	619	824	612	781	675	846	643	820	602	727	515	662	677	756	772	1622	1038	1863	954	1527	1092	1512	1064	1409	736	1342	720	1500	1941	2491	2530	2339	2991	2041	2804	2499	2635	2075	2602	2332	2647	2737
MAPK8IP3	1698	2138	2188	1827	1843	1874	1995	1698	2207	1706	2281	1602	2017	2155	2744	2207	3417	2124	3636	2686	3252	2352	2934	2180	3823	2528	3114	7697	10044	6379	8994	7411	10168	7653	9574	6490	8536	7478	8105	7495	8952	10426	15586	12190	19859	12282	13163	17618	14935	15142	13647	12829	14380	9855	13008	14199	11611	16028	12227	19808	13318	21167	11297	17593	9955	20410	12705	20401	12229
KIF1A	9538	15652	15582	15650	14106	13035	11621	10275	13176	12400	13022	12432	13113	9623	6941	9861	7107	8761	8229	13569	7630	10610	6350	9990	6888	12052	6445	3144	4672	3325	4579	3560	4789	3683	4797	3270	4162	3396	3657	3826	4944	4279	15270	5104	16889	5589	14266	6057	15045	5795	13521	4686	12729	3578	13734	18212	31005	23265	31023	27703	28842	28541	29779	22676	21323	25053	29431	29547	33437
KLHL7	3518	2550	3315	2881	2929	2910	2959	2500	2962	2830	2704	3124	3113	1970	1849	2341	1938	2500	1633	2922	2095	2331	1720	2343	1930	2855	1965	1818	2108	1811	1914	1758	2085	2010	2014	1879	1871	1596	1833	1989	2092	2246	4528	2372	4872	2388	3818	2652	3324	2684	3454	2162	3372	2446	3533	2791	3202	3621	3192	3829	2799	4135	2985	3612	3394	3602	3587	3628	3515
RET	625	690	737	545	741	582	619	553	679	500	747	493	626	370	317	329	337	354	333	550	367	390	302	416	365	459	337	103	157	116	164	122	162	86	174	76	157	107	146	162	168	186	577	179	600	208	668	183	744	184	616	118	595	112	657	618	2245	921	2332	965	1704	1024	2128	853	1615	932	2022	1106	2639
MT-ND3	19764	13731	19328	16191	16096	16834	16109	15150	16770	16319	15595	16419	16370	16166	22165	17994	21482	19414	19433	21604	23284	18635	20145	17730	22276	20902	20742	22144	23918	19282	23264	19173	25491	21065	22586	19491	20181	19155	19364	24683	21519	19091	17233	21329	16737	19786	16882	25541	13154	23781	16138	17009	16730	24409	14558	18385	16420	23972	16524	27077	17604	28417	16270	24229	23788	26649	20941	25711	19900
ZIC1	10	14	10	18	8	16	17	11	9	20	18	13	19	7	16	7	10	10	15	10	13	16	11	10	9	16	11	7	9	15	8	17	3	4	3	17	9	16	2	22	9	1	1	5	5	6	1	11	0	0	0	1	3	0	1	0	0	1	1	3	1	1	0	2	1	2	2	0	0
EVC	311	461	507	420	434	352	393	329	458	374	462	380	431	475	606	573	666	488	652	723	649	507	548	437	709	640	570	778	725	708	685	729	765	914	779	747	671	875	679	833	673	503	453	529	536	498	371	602	430	692	442	577	728	386	518	290	448	404	450	449	591	397	435	361	372	456	615	445	359
GFM2	2137	1512	1908	1448	1633	1607	1788	1501	1604	1445	1689	1620	1775	1609	2112	1828	2123	1812	1836	2110	2340	1906	1843	1719	2230	2023	2135	1984	2124	1804	2025	1943	2200	1962	2156	2057	1905	1785	1826	2288	1906	1826	1297	2076	1140	1874	1328	2255	1370	2249	1544	1851	1865	1945	1675	1528	1532	1903	1522	2242	1593	2387	1494	2105	1655	2292	1856	2313	1723
TTI1	2456	2301	2758	2281	2521	2296	2381	1840	2521	2060	2528	2149	2473	2425	2663	2730	2677	2649	2578	3171	2633	2639	2591	2693	2886	3203	2614	2406	2339	2328	2018	2246	2298	2490	2210	2417	1969	2453	1866	2729	2071	1603	833	1859	782	1719	1012	2023	1022	1952	1094	1573	1467	1559	1214	1068	1058	1288	1128	1437	1085	1491	1043	1363	1087	1386	1319	1432	1166
KCNK4	0	0	0	1	5	0	1	1	1	0	2	2	1	1	1	0	0	2	0	1	0	1	0	0	1	0	1	2	0	0	1	1	0	0	0	4	0	0	0	0	2	1	1	0	4	0	1	1	2	0	0	2	0	0	0	0	0	0	0	1	0	0	2	0	3	1	0	0	1
DYNC1I2	1579	1021	1288	1057	1195	1225	1274	978	1235	1069	1164	1073	1172	1420	1770	1450	1896	1637	1612	1763	2003	1416	1564	1525	1927	1824	1855	2534	2940	2470	2999	2572	3156	2761	3050	2598	2794	2274	2434	2929	2922	3218	4047	3746	3784	3548	3839	4493	3585	4126	3992	3164	4197	4055	4177	4137	3871	5334	3986	5860	4331	6227	3937	5613	4689	5648	4910	5797	4478
TBCD	4000	5124	5198	4561	4939	4538	4166	3899	5012	4275	4635	4123	4471	4545	4121	4653	4663	3946	4776	5486	4738	4883	4339	4365	4536	5177	4260	4081	4005	4080	3670	3897	3991	4292	4112	4208	3639	3948	3450	4684	3722	3430	2363	4160	2552	4055	2302	5063	2320	5263	2520	4529	2917	3399	2458	2773	2552	3513	2551	3961	2658	3941	2426	3812	2105	4074	2645	3671	2681
UBA5	2006	1187	1720	1239	1438	1568	1658	1341	1577	1291	1565	1527	1548	1730	1865	1978	1896	2026	1751	2206	2003	1924	1873	2178	2138	2202	1980	2048	1720	1818	1710	1853	1803	2074	1694	2157	1736	2036	1824	2154	1664	1518	1046	1667	920	1539	1095	1962	1048	2199	1118	1632	1375	1826	1309	1163	1124	1467	1159	1734	1036	1870	1088	1657	1284	1668	1435	1741	1242
LYRM7	1141	791	920	782	858	902	996	901	916	886	946	1034	991	944	1196	944	1263	1075	1061	1200	1300	1107	1207	1148	1441	1394	1302	1365	1164	1293	1122	1299	1384	1399	1195	1409	1229	1381	1125	1628	1165	1046	388	1120	399	1112	549	1290	506	1314	614	1024	766	1176	637	776	709	1030	590	1244	638	1233	696	1234	754	1160	865	1355	755
EP300	6217	7615	9224	7979	8182	6896	6594	5919	7734	6836	7829	6261	7731	6893	6703	7370	6709	7476	6905	8223	6790	6531	5801	6987	7353	9051	6871	6255	7293	6190	7263	6732	6651	7344	6499	6909	6580	6754	6021	7522	7480	8295	10588	8742	11726	8736	8187	11737	8237	10250	7792	8727	9278	4830	8186	8001	7857	9758	7190	11298	7906	11455	7012	9282	5044	10434	8572	10900	7726
SAG	2	1	2	2	1	1	1	0	0	1	0	0	1	5	4	7	0	9	1	0	2	7	2	3	2	3	0	1	1	1	0	0	3	0	2	0	2	1	7	1	0	2	1	1	1	2	0	1	6	0	1	2	1	2	1	3	5	1	1	0	2	1	2	3	0	1	5	2	0
TMEM240	63	65	87	91	56	106	58	35	97	70	86	74	99	61	58	39	63	67	70	91	69	36	64	46	83	84	54	80	88	71	80	93	80	94	94	95	80	73	74	91	85	71	115	123	180	128	120	144	148	169	148	161	180	111	141	177	220	206	212	282	189	355	211	247	197	314	153	278	216
TBC1D24	615	691	787	633	693	672	613	564	753	644	637	657	569	426	422	437	478	459	546	537	498	422	420	486	572	522	482	643	847	689	787	675	833	677	765	590	778	684	729	739	844	891	1646	1007	1808	1081	1634	1306	1571	1211	1501	915	1665	973	1625	1946	1960	2363	1940	2908	1956	3078	1900	2412	1788	2792	2222	2950	2370
GNPTG	617	693	667	627	664	646	610	506	694	629	625	637	588	649	610	694	728	630	860	805	835	700	609	564	722	692	680	894	941	736	842	823	978	809	931	782	742	700	785	943	946	708	998	821	1369	910	1023	1168	1288	1022	1087	880	1256	981	1041	813	1024	978	919	1138	1002	1231	818	1104	996	1170	1090	1175	1058
AQP2	0	0	1	0	1	0	0	7	0	1	0	0	0	0	1	0	0	0	0	0	0	0	0	0	0	0	0	1	0	0	3	2	0	1	0	0	1	2	0	0	0	1	3	0	0	0	0	0	4	0	0	4	0	0	1	2	1	7	0	0	0	1	2	2	0	1	0	0	0
MAPK1	4319	3659	4342	3691	3764	3767	3945	3261	3930	3616	3926	3811	4062	4217	4532	4575	4567	4621	4104	5362	4823	4711	4146	4631	4768	5352	4373	6101	5454	5601	4952	5860	5400	6328	5059	5919	4732	5803	4897	6878	5299	5958	6313	6552	6793	6573	5125	8166	4814	7370	4739	6356	5351	6068	4854	5552	4373	7150	4578	8257	4344	8902	4303	7548	4527	7809	5159	8167	4780
IDH3A	979	737	839	737	750	650	808	567	762	690	733	715	820	613	932	683	1011	755	983	836	1069	731	922	761	1060	909	998	945	1021	902	946	886	1009	1021	962	996	955	1023	1009	962	922	758	606	705	604	814	487	1042	667	904	620	820	715	687	568	470	474	604	424	790	504	786	447	629	423	715	468	725	496
EDC3	1751	1815	2146	1794	1741	1702	1740	1366	1901	1548	1812	1555	1685	1615	1699	1831	1907	1750	1797	2091	1873	1686	1671	1625	1897	2068	1651	1771	2068	1674	1827	1669	1978	1790	1975	1497	1742	1675	1718	1845	1895	1907	1856	2181	1948	2160	1878	2756	1980	2506	2058	2088	2441	1937	1897	1916	1700	2288	1747	2962	1867	2531	1731	2508	1688	2705	2108	2722	1939
ATP6AP2	2727	1841	2180	1887	2112	2243	2152	1835	2129	1993	2125	2279	2045	2103	2162	2142	2243	2206	2016	2715	2144	2314	1946	2500	2239	2606	2103	2113	1901	2054	1771	1997	1868	2191	1849	2126	1661	1993	1600	2436	1920	1733	1557	1886	1413	1767	1327	2329	1074	2217	1288	1648	1469	2079	1443	1452	1200	1931	1236	2156	1212	2059	1246	1902	1366	2056	1406	2234	1355
ZSWIM7	818	727	779	612	629	687	742	600	663	673	740	674	682	658	728	797	761	776	757	966	782	733	612	742	812	855	781	765	716	771	668	737	788	758	674	855	580	693	520	867	692	746	431	784	428	745	464	855	506	922	530	693	579	725	546	567	580	708	547	702	502	829	510	735	651	855	588	857	562
AGL	714	472	615	521	554	523	566	471	607	515	551	640	675	539	415	448	518	639	407	776	544	652	503	631	514	720	514	576	425	602	445	524	542	657	476	678	477	478	435	634	484	681	778	791	786	758	619	786	590	838	614	710	438	792	568	512	441	865	387	970	391	1125	425	727	445	797	504	750	495
ENTPD1	321	304	373	296	325	313	327	271	342	314	355	342	328	355	308	297	384	318	368	470	373	326	349	352	465	444	430	354	340	356	335	388	323	417	339	359	281	376	307	412	329	332	136	355	159	300	211	432	140	362	201	381	224	384	192	268	195	352	192	360	185	377	181	367	200	395	241	347	229
NPAP1	23	11	24	8	7	8	13	10	16	7	33	12	16	12	13	16	7	9	9	18	10	8	10	15	12	14	8	3	13	9	5	5	0	0	6	7	1	1	6	3	2	4	6	5	1	0	5	0	5	1	2	14	9	1	7	4	13	7	14	8	12	10	13	3	9	6	5	2	13
CHD1	3808	2510	3649	2783	2984	3003	3006	2494	3085	2793	3185	2831	3136	3160	3440	3246	3160	3643	2865	3825	3411	3152	3049	3446	3432	3993	3405	3146	3178	3264	2939	3363	3142	3777	3296	3380	2716	3525	2679	4016	3059	2923	2387	3022	2019	2961	1987	3602	1915	3300	1974	2807	2735	2531	2449	1807	1809	2020	1832	2463	1924	2573	1748	2301	1677	2209	2262	2430	2005
FGF13	607	446	542	469	488	503	508	492	506	538	447	573	478	403	301	336	297	389	273	436	316	407	353	471	312	513	339	121	86	147	121	119	124	149	142	116	122	127	75	163	134	41	148	41	136	58	134	47	164	67	191	36	115	52	172	75	616	116	653	90	494	112	578	71	656	91	651	75	792
MOCS2	764	471	725	497	591	582	654	411	645	541	655	605	618	704	863	740	806	838	659	856	882	749	646	766	777	911	759	904	856	769	787	871	950	945	857	875	879	835	755	1049	816	652	576	705	504	717	551	922	620	875	661	682	738	850	731	467	660	616	624	756	575	855	607	651	661	692	656	782	712
DEPDC5	779	746	926	707	872	702	760	677	801	710	834	666	852	760	809	774	1013	777	1023	901	916	729	870	741	916	896	854	837	960	766	904	899	956	860	836	915	816	818	745	929	854	922	596	942	591	790	649	1094	528	986	683	961	848	656	723	664	788	787	770	961	787	1055	811	896	631	990	885	946	821
NIPA2	2774	2246	2932	2151	2500	2303	2477	1747	2516	2131	2446	2329	2514	2181	2650	2355	2809	2540	2639	2790	2860	2369	2541	2370	2839	2686	2606	2980	2937	2748	2928	2741	3280	3171	3027	2863	2808	2922	2607	3490	3035	3233	3364	3771	4087	3810	2981	4880	2781	4214	3209	3276	3520	3819	3012	3692	2314	4753	2486	5839	2770	5756	2366	5220	2648	5624	2975	5731	2500
TBL2	510	574	562	562	530	471	467	463	441	523	487	519	459	498	559	555	791	494	837	708	831	654	742	608	777	682	719	1167	696	954	751	809	832	977	737	940	729	988	602	1053	683	710	258	732	250	708	325	918	326	954	388	829	503	787	436	432	429	560	425	697	458	694	441	584	503	700	520	598	464
ANAPC1	6591	5083	7051	4947	5981	5283	5732	4577	5601	4991	6014	4845	6085	4379	4554	4526	4745	4660	4300	5381	4536	4354	4037	4749	4767	5546	4180	2773	2974	2882	2995	2903	2948	3062	2812	2972	2622	3098	2688	3567	2818	2314	1621	2336	1457	2348	1512	2984	1238	2934	1516	2396	2045	1901	1659	1702	1340	1965	1217	2284	1385	2233	1218	1980	1151	2192	1592	2428	1397
ABCC9	5	0	7	2	1	0	0	5	1	3	2	3	1	17	58	19	30	9	28	7	45	16	23	11	56	15	43	234	728	231	681	227	617	221	578	231	484	252	528	276	673	926	1099	1090	1125	887	1031	1642	906	1163	1027	1057	1747	957	1180	999	449	1254	473	1373	826	1357	543	1380	708	1376	1048	1802	550
TIMM8A	672	567	805	590	556	605	578	485	618	570	648	574	639	444	601	601	674	566	563	642	647	618	513	538	580	629	635	491	479	518	490	441	450	474	438	425	401	450	394	478	413	375	183	364	201	313	216	425	196	436	233	329	254	347	221	175	183	256	193	279	208	289	222	314	228	310	214	354	241
NDUFS1	6400	4616	6613	4571	5410	4921	5378	4153	5525	4690	5384	4791	5610	4810	5894	5059	5995	5248	5021	5931	5957	5431	5260	5433	5913	6203	5880	5649	6329	5630	6213	5581	6788	6051	6109	5733	5687	5435	5525	6732	6058	5395	5653	6228	5979	5766	5217	7428	4658	7047	5395	5973	6056	6090	5180	5032	4893	6820	4612	7162	4925	7390	4671	6597	4864	7042	5631	7637	5169
POLR1A	3524	4093	5246	4182	4406	3596	3598	2923	4184	3358	4399	3300	4128	3482	4256	3909	4387	3884	4542	4400	4360	3251	3887	3612	4677	4692	4232	3162	4214	2955	4136	3291	4090	3475	3819	3405	3949	3249	3691	3636	4337	3185	3199	3625	3242	3380	3320	4550	3417	4259	3485	3287	4709	2696	3788	2865	3469	3314	3420	3886	3697	3742	3373	3207	2920	3513	4016	3729	3740
PUF60	3130	3590	4157	3673	3529	3187	3367	2509	3807	2680	3419	2985	3539	2738	2527	2818	3132	2771	3292	3646	3224	2627	2552	2543	3003	3294	2704	3117	2914	2698	2683	2849	3100	3104	2963	2744	2760	2642	2460	3105	2803	2875	2951	3639	3938	3611	2920	4772	3281	4515	3294	3406	3438	3648	3175	3816	2701	4561	2927	5656	3067	5789	2793	4952	2892	5906	3033	5280	2814
HADHA	5075	4182	4656	3925	3985	3836	4122	3684	4241	4077	4041	3966	3828	4020	4415	4289	4563	4043	4188	5039	4556	4494	3950	3981	4431	4701	3912	4830	4038	4199	3995	4306	4083	5006	4016	4491	3358	4595	3355	5414	3688	4148	3221	4813	3597	4633	2976	5975	2563	5591	2785	4533	3270	4810	2862	4360	2297	5710	2323	6329	2483	5973	2405	5254	2439	6481	2600	6230	2506
CPS1	1259	1066	1122	970	1080	1000	1151	881	1076	1012	1163	1068	1177	1421	2115	1548	2075	1631	1959	1770	1964	1536	1836	1612	2034	1970	1943	2048	2527	2167	2471	2037	2441	2281	2424	2111	2333	2255	2278	2472	2391	1395	844	1463	756	1440	825	1823	792	1678	907	1485	1444	1343	1085	749	508	872	627	1083	806	1081	547	1039	673	1113	825	1263	597
COX7B	1414	974	1196	945	1085	1008	1042	925	1092	964	1105	1124	1043	1113	1345	1162	1382	1262	1224	1366	1529	1145	1328	1078	1410	1323	1401	1614	1382	1258	1323	1261	1484	1296	1359	1401	1260	1355	1225	1590	1203	1112	814	1429	857	1185	762	1603	694	1609	915	1253	933	1642	810	988	621	1291	690	1574	664	1451	668	1323	837	1580	789	1568	799
PDCD6IP	5712	3994	5224	3918	4594	3989	4565	3726	4694	3968	4876	4166	4374	3959	4684	4048	4648	4149	4106	5004	4853	4448	4367	4202	5250	5193	4544	4159	4408	4123	4169	4208	4455	4759	4481	4293	4025	4413	3854	4949	4281	4316	3926	4618	3442	4536	3912	5589	3369	5148	4029	4172	4516	3881	4225	3876	4144	4927	4050	5861	4250	6284	4000	5771	4209	5774	4818	5854	4550
GALT	407	445	491	445	411	361	388	331	427	299	489	407	461	546	549	486	639	488	702	625	594	504	564	507	580	602	661	672	719	554	558	633	661	602	637	544	454	488	508	653	555	449	223	525	178	449	248	582	267	628	304	572	372	397	324	486	367	581	375	704	400	649	403	695	388	656	429	741	420
TUBA1A	16822	16720	17880	15961	15305	14875	15027	13028	15665	13430	14655	14760	14543	20929	25020	21808	27993	23857	26855	26095	29038	20970	22279	19972	24847	25445	24285	42497	58048	36656	55344	39656	59896	42216	58246	37992	48899	32768	46775	39459	57113	65112	105917	84782	114475	78964	105587	92234	106160	90243	111019	69669	97032	85487	102601	122266	141172	155071	146035	177175	137672	173475	148334	153108	147498	171788	146159	158196	161142
GPSM2	711	580	622	526	549	613	598	657	634	588	642	680	577	745	804	758	818	766	783	1057	888	944	877	880	919	883	841	1013	988	1007	939	1066	1071	933	1082	1149	992	1170	1013	1287	902	931	576	1048	474	1004	600	1313	610	1248	528	1054	764	934	608	460	498	687	539	722	537	808	445	705	552	759	608	812	549
HRAS	387	378	521	436	412	367	351	225	463	328	403	374	486	376	472	442	539	420	589	484	598	387	463	312	452	502	486	663	793	511	688	666	796	633	806	527	650	530	672	642	776	625	889	803	1273	805	973	1049	1103	1081	1093	742	1117	921	932	850	823	929	894	1139	941	1169	908	1086	889	1221	947	1158	1004
POMGNT2	625	668	746	623	635	674	596	474	637	516	528	536	591	495	465	534	546	506	530	663	554	536	488	441	561	638	468	604	575	529	558	524	642	641	584	534	519	518	495	575	635	502	871	600	993	667	783	854	816	842	776	672	864	688	783	678	786	853	793	987	976	1080	853	957	821	1028	861	868	929
USP18	169	144	180	141	150	132	163	101	163	133	115	158	159	129	261	137	296	111	255	143	307	150	265	148	280	183	227	278	256	190	249	214	283	242	257	201	219	227	227	307	239	221	30	302	28	279	29	391	49	389	53	277	60	310	62	259	22	453	39	433	55	422	40	433	60	566	64	577	38
FOXP2	29	31	16	22	14	9	25	10	20	14	22	21	22	762	1457	800	1233	1088	1069	905	1351	757	947	737	1156	1001	1277	2284	3781	2503	3508	2595	3793	2739	3401	2399	3145	2330	2941	2594	3672	3984	7470	4533	8099	4138	5739	5667	5294	4958	5439	3666	6212	3957	5612	3827	3542	5222	3476	5467	4174	6071	3323	5238	3823	5204	4817	5641	3700
FKTN	968	814	975	569	807	782	812	727	780	825	962	841	752	892	1113	1012	1069	1109	924	1006	1110	1013	1090	1067	1149	1180	1098	975	1101	1146	1148	1018	1229	1146	1061	1108	1135	1176	975	1431	1128	1105	626	1175	657	1080	775	1395	801	1285	837	1251	1069	837	919	935	861	1306	870	1460	915	1376	804	1339	986	1305	1143	1595	1037
SPINK5	441	421	363	347	312	387	393	482	400	436	386	411	323	435	319	485	355	456	348	559	341	435	315	413	513	514	432	428	421	343	348	399	385	352	365	466	237	357	355	428	348	495	351	466	457	451	442	491	468	468	451	440	478	497	521	519	572	667	473	734	487	867	457	732	552	756	623	936	539
MECOM	31	37	35	28	34	22	29	22	12	39	37	21	29	31	57	25	44	31	55	45	41	22	44	36	66	34	79	66	52	59	68	55	69	73	53	60	57	62	63	83	42	29	13	21	14	20	14	24	4	24	2	40	25	27	20	4	5	2	4	5	8	6	12	3	10	7	7	9	14
HECTD4	1772	2825	2889	2540	2357	2217	1947	1871	2228	2303	2461	2148	2380	2434	3575	2633	3482	2492	3625	3085	3310	2370	2980	2488	3899	3227	3571	4858	10220	5060	9516	5780	9227	6215	8745	5460	8242	5720	8181	5714	9941	10122	22563	11291	25815	10598	15429	14082	16402	12744	14036	10849	15604	5923	14832	15105	17124	18243	16139	20221	16500	20832	15469	17009	9880	17802	17964	18915	16669
NEMF	2380	1483	1888	1612	1886	1909	1979	1543	1878	1822	1710	1906	1836	1918	2328	1985	2278	2299	2069	2329	2224	2010	2038	2176	2502	2396	2200	2665	2851	2416	2757	2616	2998	2760	2677	2452	2467	2364	2309	2641	2536	2748	3049	3260	2867	2717	2725	3618	2169	2972	2495	2515	2940	2963	2921	2160	2274	3118	2295	3393	2409	3537	2418	3339	2868	3435	3001	3179	2687
MAST3	370	476	474	405	439	361	468	380	485	417	462	421	445	463	472	426	638	377	679	566	616	471	583	427	712	540	632	794	841	814	797	810	851	955	891	753	784	878	759	914	892	875	440	1032	511	970	586	1407	633	1260	651	1189	755	715	630	835	567	978	651	1460	626	1175	601	1161	487	1499	650	1418	739
MT-ATP6	142174	108593	146567	119669	130336	121949	115564	92543	130737	98930	123811	111786	123696	137538	167763	149433	167483	151691	161203	179344	189396	151748	166961	156122	185418	178785	178600	152771	182327	153239	168590	155571	183821	167979	176114	155168	167785	146059	146259	181199	174345	132631	103994	147931	106940	142664	103951	182046	81225	172381	94436	133950	106489	154053	94101	108144	87521	136968	90683	153854	98532	169881	92950	147218	111321	153281	105078	149050	97216
KCTD7	983	874	1086	843	896	905	965	807	1025	830	970	840	976	662	694	632	737	697	753	917	668	758	742	783	837	901	744	862	967	763	857	771	1043	896	945	840	678	794	771	982	883	1194	1905	1252	1803	1422	1788	1453	1632	1498	1518	1191	1526	1004	1686	2136	2967	2691	2879	3168	2750	3140	2999	2698	2573	2921	2919	2957	3151
KIAA0586	1794	1416	1564	1313	1484	1438	1550	1193	1557	1561	1660	1327	1536	1755	2083	1895	1795	1847	1873	1979	2093	1822	1631	2022	2049	2157	1901	1859	2020	1918	1946	2227	2104	2112	2013	2017	1870	1903	1986	2369	1952	2065	1375	2124	1286	2125	1311	2430	1340	2325	1516	2142	1941	1755	1597	1214	1248	1648	1166	1774	1252	1937	1133	1739	1219	1653	1465	1906	1282
NDUFB3	559	403	483	401	390	436	465	427	437	445	465	465	462	617	666	597	750	628	627	731	868	628	698	686	757	709	654	760	669	663	677	677	780	759	802	694	710	624	683	836	676	596	296	710	356	647	372	874	365	832	507	576	441	904	486	472	365	639	376	627	361	752	338	700	451	791	454	635	369
GNB5	1272	1326	1227	1159	1177	1127	1185	1123	1199	1194	1171	1238	1120	1012	987	1103	1123	1004	1099	1371	1074	1255	1013	1105	1094	1293	992	849	871	881	791	810	845	968	954	895	818	843	802	1108	831	566	466	539	591	539	533	679	688	625	632	632	591	529	565	481	849	657	830	721	722	765	791	789	751	813	823	788	899
AVPR2	7	1	3	12	5	0	4	10	4	2	8	3	13	5	8	5	8	8	3	6	7	1	4	5	10	16	7	19	35	20	26	32	49	13	28	21	27	26	30	22	51	37	58	38	67	55	42	93	67	71	51	66	52	35	37	70	34	63	47	75	38	78	27	68	18	89	50	64	31
CENPE	4147	2826	3803	3077	3126	3610	3016	2661	3111	3243	3397	3613	3282	4615	5048	4732	4586	4780	4154	5662	4684	5290	4931	5310	5075	5887	5068	5045	4485	5469	4427	4755	4900	5626	4689	5534	4114	4905	4153	5881	4381	3859	1375	4049	1194	3934	1437	4378	1084	4132	1583	3310	2428	3125	1763	849	569	1372	690	1356	837	1616	647	1294	884	1547	1205	1666	678
NDUFV1	3640	3887	4396	3785	3848	3470	3760	3196	4182	3347	3948	3449	3888	3562	3939	3599	4620	3455	4971	4604	4650	4083	4077	3665	4661	4449	3967	5524	5183	4246	4897	4619	5650	5070	5475	4446	4982	4696	4843	5117	4900	3871	2861	4487	3485	4626	3089	6177	3553	5869	3625	4734	4193	4983	3518	3550	3329	4254	3384	5407	3762	5666	3316	4713	3617	5903	3761	5605	3643
LINS1	389	342	370	292	343	299	402	273	356	335	348	356	421	361	359	425	404	431	352	420	448	417	386	356	460	510	443	395	406	449	461	489	453	503	429	446	343	413	420	529	429	412	431	478	355	425	420	549	407	494	316	435	428	469	408	316	386	380	352	485	351	496	321	453	312	398	442	437	364
DPH5	1936	1363	1547	1281	1396	1471	1549	1409	1609	1317	1489	1497	1424	1663	1959	1725	1931	1818	1872	2098	2064	1785	1988	1626	2002	1860	1852	2157	1835	1821	1915	2061	2075	2137	2007	2023	1772	1968	1734	2604	1927	1809	782	2014	700	2039	860	2410	864	2251	1030	1998	1223	2075	996	1395	601	1810	650	2116	699	2059	646	1974	880	2355	789	2344	692
TUSC3	2669	2280	2575	2353	2221	2454	2523	2112	2534	2302	2216	2601	2407	2341	2256	2233	2467	2535	2066	2812	2552	2362	2303	2318	2412	2770	2450	2387	2077	2227	1926	2281	2220	2645	2016	2506	1872	2127	1786	2655	1960	1625	1495	1765	1570	1658	1328	2032	1319	2126	1551	1737	1560	1853	1542	1226	1772	1841	1650	2036	1672	2071	1632	1766	1801	1955	1870	2034	1874
BRAF	852	810	915	729	754	792	773	793	856	845	860	839	821	785	825	782	809	828	660	1021	793	827	717	963	951	910	913	790	930	781	808	814	854	959	745	836	765	890	835	1020	859	872	1013	992	952	1046	863	1174	738	997	847	950	972	796	944	936	1116	1356	1125	1420	1131	1575	1138	1311	1011	1252	1420	1557	1278
STT3B	7309	5490	6892	6230	6417	6868	6485	6005	6367	6419	6321	6714	6339	7092	6963	7752	6884	8075	6131	9100	7745	7737	6910	8060	7653	8875	7379	7324	6369	7380	6371	7625	6955	8107	6383	7726	6102	7515	5843	8702	6737	5331	4197	5741	4151	5461	3642	6772	3133	6654	3547	5672	4621	5709	3785	3905	3206	4901	3133	5762	3204	6052	2863	5602	3503	5930	3911	5912	3540
SYNJ1	192	161	217	173	154	213	163	136	171	143	179	124	202	359	527	422	553	449	479	501	513	297	498	463	527	465	567	810	1260	943	1193	883	1150	939	1200	885	988	938	1014	1027	1144	1294	2159	1224	2002	1185	1852	1555	1708	1265	1631	1123	1945	956	1803	1586	2200	1938	1992	2171	2106	2386	1963	2165	1619	1878	2426	2262	2236
EMILIN1	244	313	340	279	279	203	284	183	322	203	303	234	294	248	482	230	560	204	624	281	534	286	399	227	471	261	395	422	515	295	533	387	626	364	607	324	522	377	463	404	535	157	72	215	91	196	120	295	142	299	100	266	287	212	109	101	88	114	82	171	174	174	89	153	104	171	147	211	76
FRA10AC1	1319	901	1075	844	918	1044	1025	897	1025	913	1028	1069	977	1206	1265	1369	1304	1440	1216	1535	1366	1364	1372	1291	1574	1547	1321	1773	1386	1599	1364	1411	1441	1734	1420	1588	1273	1747	1324	1967	1437	1257	499	1353	429	1242	707	1487	605	1468	748	1083	922	1439	903	1029	764	1482	747	1610	895	1709	720	1755	1038	1582	1006	1758	868
VPS13B	1097	1208	1400	1122	1096	1053	1041	979	1129	1232	1347	1031	1233	1320	1667	1412	1624	1389	1314	1559	1539	1274	1311	1496	1801	1870	1688	1553	2232	1623	2047	1652	1961	1836	1801	1664	1679	1895	1729	2159	2087	1902	2695	2125	2506	1841	1776	2329	1749	1998	1964	1980	2285	1125	2115	1963	2217	2312	2064	2590	1938	2616	1759	2244	1399	2068	2459	2559	2057
RAP1B	1734	1069	1494	1144	1293	1420	1225	1126	1334	1217	1252	1416	1369	1357	1266	1346	1265	1499	1027	1626	1374	1502	1235	1470	1287	1659	1255	1274	1066	1181	1072	1238	1163	1368	1120	1316	1043	1178	964	1455	1072	1003	864	1098	776	1141	798	1386	747	1354	841	938	980	1318	946	835	751	1099	733	1229	791	1387	713	1326	944	1285	925	1283	920
TUBB4A	1085	1024	1263	976	1356	944	1171	823	1320	803	1096	883	1230	557	588	627	756	529	814	794	858	647	686	649	700	729	629	561	1342	601	1221	675	1514	712	1477	643	1218	506	1160	694	1555	1455	3232	2024	4309	2145	3408	2232	3795	2348	3467	1916	2571	1795	3263	3496	4928	4231	4953	5006	4200	5452	4737	4192	3729	4873	4250	4094	5191
ABCD1	285	271	330	293	430	265	352	187	414	224	368	209	319	302	344	352	385	307	414	386	429	233	385	307	339	361	335	395	484	381	445	384	466	390	512	294	366	366	349	391	437	320	416	378	475	486	396	572	464	549	439	432	524	394	471	543	355	612	386	864	407	731	389	607	389	772	390	757	446
PPM1D	787	620	843	670	740	677	710	609	751	607	731	664	756	930	980	938	1030	1034	893	1237	1026	1041	789	996	1003	1095	897	1382	1231	1243	1158	1297	1221	1389	1174	1346	1053	1266	1048	1504	1194	1167	1552	1316	1685	1326	1126	1655	983	1474	995	1352	1318	1318	1169	777	806	1024	701	1194	825	1375	773	1093	809	1158	917	1183	825
CHRNG	7	13	6	8	3	8	9	9	9	15	9	11	10	44	78	41	92	23	106	58	91	68	90	70	104	91	73	398	173	224	122	265	201	258	160	267	173	324	89	383	110	153	38	245	61	166	48	326	60	252	51	209	87	140	54	63	14	86	36	120	42	79	35	101	49	119	68	119	38
SLC25A19	365	311	478	307	376	328	307	238	421	291	336	299	402	227	291	350	359	344	313	371	337	288	242	333	328	289	326	305	238	258	227	318	237	338	279	273	204	288	230	325	224	183	124	291	174	245	131	266	127	334	109	234	179	202	104	107	123	108	105	101	89	152	112	121	112	112	121	154	116
TUBB4B	9147	9755	11282	9404	10190	8992	9337	7265	10129	7976	9715	8389	9985	9369	9774	9616	11020	8996	11791	11734	11437	9567	9671	9013	10441	10924	9373	9496	8836	7963	8091	8130	9475	9176	9305	8113	8276	7951	7460	9501	8733	5762	5511	7473	6387	6667	5348	8793	5743	9280	5735	7278	6125	7772	5466	5173	5432	6178	5683	7282	5982	7360	5807	6520	5533	8171	5568	7426	5789
GMPPB	621	715	946	735	740	774	721	561	708	590	677	574	659	837	863	847	1021	936	1145	1098	919	879	909	849	925	1000	899	1036	984	915	870	955	956	1084	928	844	881	890	846	1025	933	685	525	798	610	849	550	1042	714	1031	735	806	812	812	648	518	571	630	736	715	726	762	558	658	612	750	643	766	684
TBX6	98	153	86	80	101	94	135	88	119	106	101	91	63	104	70	102	100	84	117	156	104	136	101	86	117	126	106	109	60	102	87	80	81	103	89	90	71	115	64	112	61	72	5	50	27	56	26	64	29	133	10	98	26	72	16	28	15	30	16	52	18	20	15	31	8	67	13	57	8
RAI1	87	85	103	75	112	88	77	61	94	63	121	101	78	521	893	513	1148	453	1136	633	1107	556	894	451	1009	609	1003	1745	2283	1480	2017	1695	2180	1761	2146	1485	2169	1609	1809	1629	2207	1928	2782	2237	3333	2483	2589	3255	2841	2885	2710	2365	3014	1819	2765	2879	3661	3433	3804	4172	4002	4335	3636	3432	2838	3963	3663	3961	3947
GNB2	4023	4632	5370	4515	4851	4310	4359	3465	5043	3681	4613	4048	4404	3991	3688	4229	4345	3968	4750	5222	4433	4377	3840	3848	4108	4781	3758	4829	4058	3764	3842	4194	4497	4621	4380	3997	3907	3752	3534	4523	4343	3577	4837	4525	6960	4766	4723	6189	5044	5877	5456	4659	5132	5107	4777	5373	5235	6079	5704	7618	5755	7798	5171	6886	5184	7867	5715	7192	5641
KANK1	1597	1953	1744	1778	1599	1652	1536	1453	1639	1780	1659	1757	1609	1555	2109	1662	2168	1519	2157	2021	2153	1594	1951	1570	2296	1940	1967	2708	2408	2451	2286	2572	2294	2783	2071	2589	2171	2666	1982	3001	2198	2377	961	2530	967	2502	852	3284	828	3039	866	2593	1344	1995	955	1774	564	2346	673	2706	798	2539	622	2654	629	2813	804	3058	654
NBEA	1802	1913	1871	1678	1521	1571	1376	1552	1612	1955	1811	1651	1744	1279	1294	1245	1179	1263	1044	1641	1162	1234	993	1556	1277	1754	1296	1172	1501	1333	1468	1219	1346	1411	1183	1272	1157	1377	1293	1489	1492	1578	3684	1517	3695	1489	2819	2022	2765	1634	2703	1516	2582	1139	2952	2504	3759	3017	3371	3230	3120	3431	3303	2946	2709	2766	4025	3444	3916
SURF1	969	872	1091	886	887	910	841	798	987	766	910	832	742	956	1009	1126	1261	1079	1159	1389	1260	1035	1008	888	1185	1132	1031	1612	1542	1171	1412	1213	1584	1456	1327	1199	1371	1296	1235	1330	1290	1331	833	1518	983	1513	977	1919	1076	1937	1144	1458	1271	1576	1133	1377	897	1664	981	2211	1040	1912	875	1717	1007	1930	1100	2039	908
UCHL1	15862	15579	17709	15915	15049	15788	15891	12878	15346	13649	13936	16090	15172	12705	9864	13312	10706	14245	11600	16929	11742	13803	9922	13290	10920	15930	10460	5160	4560	4975	4332	4696	4873	5549	4694	4531	3962	4385	3778	5548	4770	3461	9387	4364	9915	4410	9596	4407	9528	4581	10378	3440	8060	4393	9907	8466	17573	10484	17385	12554	15822	13011	17924	10934	17550	11342	16729	12339	19592
STAG2	8051	5691	7446	6109	6470	6505	6660	5459	6317	6208	6673	6508	6730	5398	5482	6025	5263	6757	4625	7184	5586	6018	5119	6536	5520	7310	5866	5163	4100	5257	4172	5037	4670	5824	4278	5222	3918	4952	3781	6070	4274	3920	3149	4012	3212	4220	2661	5203	2291	4701	2834	3977	3351	3835	3073	2627	2463	3491	2361	3949	2559	4271	2478	3683	2495	3627	3198	3734	2651
